222 ’ 11111111. (1111111 14.

1111111111111 1111111111 11 11111, 1112 1111111
Β1 1111111 1111, 11211211111111111 11111111
’1111 11,
’ 111 2111111111 1111111 1111111 11 1111111111 1111
11111111
110. 011 1111111 1111 11111 1111111111 11111 1111112.
1111111111 11111 111 1111111111 1111111111111 111·
· 111111 1111111111
21112 1111111111111111111111111 1111 1111111 11111.
21111121111111111111 112111 1111221111, 11
, 1111111111111111
111 1111112 1111111111-11 11211111 11111 111111 11111
· , 111111
171. 1111 111211111111111111111, 11111 1111111111 1111-
“ 11111.
111 111121111111111111111. 11111111 11111 1111111
11111111.
1111111 1 1111111111 11111. 111112 11 11111111
11 1111111111,
Γ1211 1112111 1 11111111111111111111111111112
11111112
,,1011111,1111111 1111111 11111111121111 11111
111112
181111 1111111111* 1111111111 11111111 111111 11111111·-
· ’ 11111
1111111111111 1111 11111111, 11111111 1111111111
· 1111221, ’
(11111111 111111 11111 1111111111 11 1111111111 11111-
’ 11111 1111,
1111111111 11111111 1111111111, 11112 1111111111111
11111111, 11 1111111111 1111111 1111112111 11 1111111111

111 111. -
185. 211111 1111111111 121111111121111, 111111

11111 ¹

——n—-u-m

¹⁸⁰) 21111111 1 1111111111 0111111121, a 11111 111111 1111111111 1111111111.
112111111111111111111111111 1111111111111 11111111.

 

