202 1111111 1. (1111111 13.

Ὀ
Η111111111 11111111 611111 1111 111111-111111.
11111111 1111111111 11111111 1111111111111,1111111
1111111Ι
1111111111 1111111 1111111 11111 1111111111 1111111
10. 1111111111 11111111 1111111 1111111111111 On·
11111111111111111.
1111111111111111, 11 Φ11111,1111111111,111 1111111“1
’11111111 1111111111, 111111111111111 111111-
'1 11111 111111.
Bm 111111 1111 111111 111111111111111111111111·
1111111111
11111 1111111111 1111111111 11111111111111111111
1111111111,
55. 11111111 1111111 111111 11111111111111111111111111,
111 1111111111
11111111 1111111111 1111111, 1111111 1111111111 1
6111111
11111111 111 11 111111 1111111 1111111111 11111111
1111 ⁸⁷).
11111 11111111 111111 11 11111111 111111111111111
11111,
111111 1111111111 1111111 1111111111111111111111
11111111.
110. 1111111, 1111111111111 11111111 111111 11 11·
111111, ’
111111 111 11111111 11111111111111111111111111111-
11111 11111111,
11111111 1111111111 111 11111111 11111111 911111·
11111111 ”)

1111111111 11 1111111111 1111111 111 11111 1111111111111, 11 111111111111·
1111 triste 11111111111111 111, 11 1 11111111 1111111111 111111 11111111·
1111111161111111Η111111,1111111111111 1111111,1111111 1111111111111
11111111 11 (1111111111 (1111111111 1 011111111111 1111111111111,1111 31,
111), 111111111111. 111 1111111 1111111111 111111111111111111111111111, aut-

51) 111111111111111111 1111111111, 1111111 11 0111111 1111111111
1111111111 11 Τ1111.

51) 1111111111 1111161111111 1111111, 1, 1, 111111 ou 1111111111 61111 111161·
1111 11111111111111111. ,

8²) 1111111111 61111 1111111111 111111111111111111111111 11111111.

 

