146, ⁶ 1111111116111118.

(1111111111 11111111 11 1111611111 1111111 11-
111111

111111111 116111111111111111111111111111111.

111111 1111111111 111111 1 1161111 11611111 11
· 11111111

(11 1111611111 1161111111 1111111111, 1111111111

1111,
110. 111111 1111111 111111, 1111111111 111111111-
11111,
1111111 11 11111 1116111111 am,- 111111 1111111·
1111111 ¹¹¹)
11111111, 161 anu 111111111111 11111111 6111
. 1111111
11Ρ11111 11· 111111111111111 11111111 1111111-
1111.-
1111111111 1111111111 111 111 11 111111 11
111111
116. 16111111111111 11611 1111 pon, 111, 1111111111
1111111 ·
1111111 11111111 11111111 111 11 1111111111 1161.
1161111111111 6111111 1111 11111111 11111-
1111 mv
ῐ111 1111111111 1111 111111, 111111111111111
1111111.
1111 111111 61 11111111 1111111 11111 1111111111
1111111111
120. 1111, 1111111111 11111111111111 1111111111
1111111
Tu 1111611111 1111111116111611111111116111

———

¹¹¹) 011111111111 11111. Ε111111111111 11111111161111116111111111·
vepna 111 111111 1 111111 1111111111 1111 11111111.

111)111111111111 11111111Ρ1111111111111111 resin 11111111-
111 1111111, 1. 1. 11111161111111 1111111111) 11111111111111111111 11111111
1111, 111161111111111111111111111161111 11 1111 xe 1111111111·-
1111111116111 1111111111111 1111111111 111 1111111, 1111111111 1111
1111111111 11111111 (1111111 11111111161111111 1116111Ρ111.

¹²⁰) 111 n 11111111161111111 11111-111111111. 1111. l. 5¹).

 

