0000011. 000000 6. 03

Pon, 00000. 000 00000οθ0000 He 0000100000 00000
Ρο00 000 0000000. Bm 0000000 ,00 0000 00000-
000000 000
100. (00 και 000 0000 00000000 00000000,
Tu m 00000000 00 00000. 000000 00 0000000000
0000000
1100000, 0000000000 0000001000 00 naman.
00000 000000
Tam, 00000000 000οε 000000 00 000 0100000
Pana 000 0000000000, 0000 0000000 0000 0000 ¹”).
200. 11000 00 000000000οι0 0000000000 0000 0000000000
Tu 110 0000000000 000000, 0000000 00 00000 00·
’ 000000,
He 000 0000 00 00000 0 0000000 0000000000,

1Ιο 000 0000000010 000000 000000 0000000, 0 00- -

0000 00
000000 aa 000000 000000 000000000000 00000000
205. 30000000, 00 00000000 00000000 000000 0 000
0000010.
00000 0000000 0000 0000000, 0000 00000 00
11000000 00000, 00 000000 000, 0000000000 0000
00000000
11000 apum 00 00000 00 00000100, 00000 1000000
00000000.

0
11000 0000 0000000, 000000000οο 0000 00 000000
21011 0000000 000000 00 0000000 00000 000000
000 0000000 0000, 000 00000 0000000000 0000
, 000000.
11000000 mero 0000 0000 00000000 00 00 000·
noun»,
0000000 0000 00 mero 00 00000000 00 nyma} ,

--ο-ι-..ι-

10)ζωηκαιψυχη(0100000000οη1000000000ορ000000. ¹

¹⁹⁰) Γο0 s 0 1000000000. 6000 000000ιί0 000000, apamio 00000000- ,

menno 0000010 posu.

⁵¹⁰⁰) 30000000 aena.
0101100000 00 000000 0001000011 0000000000, na 00000 Το0000, ao

000000οο 0000000000ιο 'tomo 0000000000010 000000 Γο00 anesii.

 

