226 numa V. 055555 14.-

55 5555555 555555, 5555555 5555555555 55 555-
· 55555
0555555555, 555555 5555555 5 5555555 55 5555 55-
5555555.
5555 5 55555555 55555, 55555555 55555 55 5555 55
245. 35555555. 5555555 5555555555555 555 5555555555.
Ra 5 5555 5555555 55 555555 5555555, 555555-
¹ 5555
Bm 555555 5555555555 5555, 55555555, 5555555
55 555555.
3555555 5555555555 5555 5555555555, 55 555555 55-
. 5555555
11555555 555555 55 55555555 5555 55 5555555555- Ι
555 555555 “’).
250. 555 55555555 555 55 555555, 55555555 5555555.
555 5555555 5555555 555555 55555555-555555.”“)
55555555 555555 5555 5 5555, 555 5555555555 ¹³²)
5555555555, 5555 55555 5555555 55 555555 xe·
555555,
55555555555555555555555555555555555555555,
255. Ι155 555555 5555555 5555 555555 5555555555 5
5555555555.
35555555 555555 5555, 555555 55555 55 555555.
Η5 5 5555555555 5555555 55 55 55555555 55555-
’ 55555555,
5555 5555555555, 55555 5555555555 5555555555
55555
551555555555 55 5555, 55555555 555555555 55 55555

250. 5555555555 5555555555 555515555555555555,

‘—

55555555555 55555555555 555555 555555 5555555, 555555555ιί5 55555555·
nm 5555555, 5555555 5555555555 55 55555, 555555 55555555555 55 5555
555555 5555555 555 55555.

2¹⁹) 1155555 1155555-5555 55 55555555 5555555 55 55555 5555555 5555, 15555
555 5555 5555 5555555555 55 5555555555555.

²³¹) 110 5555555 55555 Ι5555555 555 5555 5555555555.

ffl) A 5555555 (55555. 555. vl 236), 5 5555 5555555555 5155555555.

0⁸⁰) Β5 x 5555 5555555 55 555555, 5555555 555555- 555555, 555555-
5555 5555555 555555, 5555 555 5555 55 5555555 55 55555 flamm.

 

