1111111. (1111113. 49

· 11111111 1111111 111 11111 111111-11111111
111111111111
Bm 11111 (11 1111111 11 51111 1111111111 111
11111111 111111, ,
0111111111 1 1111 1111111111 1111111111 11-
11111,
(1111111 1 11111 1111 1111 01111111111111111-
1111
145. 11111111 1 1111111 11111111-111111111, 111
1111111
1111111111 1111111111 11111, 115111111111 1
11111111.
ῑ111 111, 1111 1111 111 111111111111 1111-
my
Β11111 1111111111111, 1111 111111 111111 11-
11111111 1 1111111111,
111111111111111111111111111111111111111111
110. 11111111 11111111 1 111111111111 1111111111-
11111 -
1111111 1111111111111111 111111111111111111
11111111
11111111111111 11111111 1111 111111 1111111,
1111 111 111111111 111 111111 1111111111-
, 1111111111, ’ ’
0111111, 1111 11111 11111111-11111111111
Χ ‘⁴ 111111111111,
155. 1111 1111111111 11111111 1111111111, 111111111.
1111111111

0111111111 11111, 11111111111 11111111111111 ,

111 1111
Ρ111111111111111111111111Ρ11ἕ11111111111, 11111
1011111111111111 111 111111 1111111 1111111·

111111 111111).

¹¹³) 311111Ρ111ἰ1 1 1111111111111 1111111 11111111 11 1111111111, 11111-
1111111111111111 1111111111, 1111111111 1111111111 11400,οω 1111111111
11111111 011111.

11111111 111111 1111111111 111111111111111111111111 1111111111).

 

