172 Ι 1111111 1101511110.

1111111111155111111, 1111111 1111111 1 1111151
111111 11111111111111111111111111111111111.
111151 1111111111 1111 1111111111 1151111, 111511
11111
11110111111111 1111111111111,111111111111111
1111111111
245. 01 111111111111 11111111 11111111 11111111
111111.
11111 1111111, 1111 111 11111 11111111 1111111 Po·
Ιίθ11,
111111 1111111111, 11 1111111 11111 11111111111
111111.
0111151111 1111111111111111,1511511111111111
· 1111111111 111
0111111 1 111 11111111111 1111111111111111
1¹0]OE 111) =
250. 111151111111 111111· 11111111 1111. 111 1111111111
11111111, 111111111111111111 11111111111111 ,
111 1111111111
11115111 1111, 111111111111 01111111111111”“)
111111 11 1111111 111111 111 11111 11111111·
111111
0111111111 1111111111, 11111 1ο 11111 1111 111
111111 111,
255111 11 1111111111 ero 11111111111111111111
1111111
1111151111111111,1111 15101111111111111111
11 111111, 11111 11111 11111 1111111 1 111111
. 1111111111 ²¹¹).
111 11111111111111111111111111111011 115111

²¹⁹) Ρ111111111 no 1111111111 ,11111 11111 11111111 1111111111 11111111, 1 111-
1111 11 1111111111 1111111111 111111, n 11111111 1111111111 11 1111111111 300 1111

11111111111 1111511111 11 111111 1111.
¹³²) 11111111 11111111 11 nmen 111111 11111111111 1111111151 Anu·

1111, 1611111Μ1111111111; (Once. lv. 187).
2³⁷) 111151.

 

