155 555551805555510.

75. 8555555555555, 55555 5555555 5555555555 55555555
. 5555555,
² · ΙΙ555555555555 55 55555, 55 5555 555555 55 5555
555 055555
555555555555. 05 55555555 5555 5555, 555 yse 55·
55555 55555555 55
· He 55555555, 555 5555555 5555555555 555 5555 555

55 ”
855555 5 555555 5555555, 5555555555811551 555, 55555

55555555

80. 05555 5 555555 555 555555 555555 55555555 55·
. 556555 ¹

55555555555555. ,5555555 555 55555555 555555·

55 5555555555α ‚⁸¹)

,5555 55555555, 5555 55555 55 5555555 55555555

5555 55555555

· Y 555555 5555 51555555 55555 55 5555555 55555·

M 55)-

,5555 5 555555, 55555 555555 55 55555 55555 55·

· 5555555555 ⁸⁴)
85 35 555555 55555555 055555 55555555 5555 555555
Ha 555555 555 555555, 55 55555 55 1155555 555555.

75) 05555555 5555555.

⁷⁸) 05 555 5555 5555 555555 55 5555555555, 55555ιί5 5555555555 55555555·
55555 55555555, 555555555 555 ,5555555 5 55555555 555 Τ555555 055555, 55·
5555 5555555555 555555 5 55565 5 5555555555.

⁸¹) Ha 5555555555 555555 555 555555 555 5555555555 5555555 5555555555,
55555555 5555555 55555555 Harpa, 555555 555 55555 5555555555,
55555 555 5555555, 555555555555 5555555 5 555555555, 555555 5555555555
055555 (Τ5555. 555. 111. 66).

85)· 555555 515555 55 555555.

55) Momm 55 5555555555 555555555555555 555555555555, 555 ’55555555 55-
55555 5ο 555555 5555555555 5555555555 5555555555 55555 55 555 55555 55
0555555555 555 55 555555 555555, 5 5555555555 55555555. 05555555 55555
5555555555555555 5555555555 10555555 555 55555555 55555, 5555555555 555555
5555 555555 555555555555 55555555555 555555, 5555555 55 5555555 5555555 055·
555, 55555555 5555 55555 5555555555 5555555 ’5555555 5 5555555 555 55 555-
5555555555 55555 5555515555 5555555 055555 555 5555555555 55, 555 ι 555-
5555 55555555 55555555 55555555 5555555 55555555 5555555555555555 55 5555555
5555555555555.

 

