111-11111. 011111 11.

1111 11111111 111 111111, 111 111111 1111111
’ “ 1111111
11 11111111111111111 11111111111 1111111
01111111, 111111111 11 1111111 1111111111111
111111111,
0111111111111111 11 11111, 11 11111111 1111·
1111,
00. 111111 1111111111 1111111 1111111, 11111111
- 11111111,
01111111 111 (1111111111, 11 11111111 11111
111111111111 11111 11111111111111 111111,
111111111 111111111111111 11111111 111111
31111,1111111 1111111 011111 111111 1111·
1111,
01. Ῑ1111111111111111111111, 11111111111 11111111
111111111.
111111111111111111111111,1111111111111111111·
111111 111 11111“)
Β111111111111 11111 11111111 111111 1111.
1111111111111111111 11111111111111111111 1111.
[1111111111111111111 111111 1111101111 1111111111.
100. 11111 11111111 1111111, 111111111111111111111111
1111111
Β11111111111, 111111111111111111, 1111111
11111 1111111, 111111 111111111111111111111111
11111,
1111111 1111111 1111 1111111111, 1 11111 1111111
11111 Ρ11111111111 1111111111111111 11111111111

——n

11) 1111111111 1111111111 11111111111111111 1111111111,

⁹⁸) 011111111111 11 1111111,11111111 11111111 11111, 11 mmmmm
1111 1111111111 11111111 1111111111 1111111111 1111. 01111 1111111111 11111
1111111111Β111111 το, 111 1111111 111111 111111111 1 11111 11111 Ilpi·
1111, 1111111111 111 1111111111111 11111111 11 11, 111 1111111111 1111, 11-
111111 1111111 1111111111111 1111 11111111111 1111111111.

¹⁰⁰) 10111111111111111111, 1111 1111111 1111111 11111 11 1111111 1111111111-
11111111111111 111111111111, 11 11111111 1111, 11111111111111111111111 11 111-
11111111111111, 11111 1111111111 111 1111 1 111111.

 

