0000010000002.

3000000 0000000 000,000000000000010000000, ⁹⁹)
100. Ι100 y 000000 00000 000 11000000, 00 0000 0000

00 000
0000 00 0000000000. 00000 000 000000 00000000

000 0000000000.
00000 0000000000Ι 000000 000000 00000010 00000,
00000οο 00 00000000οο0 00000 0000000000000 00·
0000οῐ
110οο 000000 0000000000.Γο0000 00000 0000000000,
105. 0Ιο 0 0000 000000ος 0000000000 00000 0000000000
Ha 000000 00001000 000000 000000 00000000
11 00 0000 0000000000 00000000 0000000 00000,
00 0000 00 0000000 0000 0000000000 0000000000
ss 1100000000.Ι 0000000000 00 0000000000 1100100·
00000.
110. 0000 00 00 0000000 01000 00000 0 01000 00000000
0000000010,
· 30000 00000000 1100000 0 0000 00 0000000000
0000000
0000, 0 0000000 00000000, 0000000000 000000
00 0000000000
00000000000010000000000 00000000000000 00000
0000000000 0 0000010000 000000 0000000000.
110. Ηο 0000 00000 00, 0000000000οο 0000000000
110 00000000 000000 00000000000000010 00000.
100000 0000000000 000000 0000000111 00 00000000
000000
30 000000000, 00000 000 00 0000000 000000 00 ’
· 00000000

-υ--..

⁹⁹) 000 0000600 000000 00 0000000000 00 0000000000. Mu 0000000000, 000

00000000000000 0000 600000 000οο 0000000000 00000000000000 0 0000 000-
0οτ gestamen, 00, 00 0000 0000000 00000000.
, ¹⁰⁰) 1000000000 000000000000000 00000000, 000000 000, 0000 0000000 Το000
(0 1000000. 1001.) 0000000000οᾰ 0000000 000000 000 11000000-00000-
000000 0000000 00 6000 0000000000-οτοο 0000000000000100 000000000000000,
0000000000 00 0000000 0000000 00 6000000000000 0000.

¹⁰³) 30000 00 3 0000000, 00000000 00000000 0000 000000006000000000000
00000000000 0 06100000 000 rama 0 00000000000 000000οὶ0 000 00600000,
(00000.1100000000000000010 00000 00οο 000000 0000000 00000010000000.

 

