1110010010111013. . ι211

· · 1111111111 11111111 01111111111111111111 111111,
2001111111111111111111 111 11 111111 1111111111
’· 1111111111
· - 111111, 1111111111 1111 1111111,11111111111111
“ 11111111 1111111. A 1111111111111 1111111
¹ 0010
1111 1111111 111111 11111111 11 1111111111
111111. ’
1111 1111111111 111111 1111111, 111 11111111
’ 11111111 ’
200. 111 11111111111111111111111111 1111111111111
0111111111, 1111111111111 11111111 1111111111111 ’
11111111
· 11 00 1111111111 1111111111111111111111111111
11111.
· 11111 11111 111111 11111 111111 1111111111 11111.

1111 11111111 1111111 1111111 111111111111
· · 1111111111,

1101111111 1111111 111111111 111 11 1111 11111111
¹ 1111111111 “
-Η1 1111111111 111 111111 1 11 111111 11111111,
111111 1111111111 111 1111111 11111, 1111111111
11111
Η1 1111111111 1111111, 111111 1111111 0111111 1131.
0111111111 1111111111 1111111 11111111111 1111-
· 111111
11111 11111111 111111 1111 11111111 1111111 1101)-
1111111 ”
01111111 1111 11111, 1111111111 111111 (11·
· 11111.
11111 111111 11111 1111 11111111 1111111 111
111111
11 1111111111 1111111111111111111 1111111111.

*ιι-ι..-

, 11110111111 111111111111011111111111111111111111111111

..11111111
14*

 

