’ 84 naara ΙΙ. 055555 6.

45. 555 55 5555 5 555 5555555555 5555555 5555555
15555550 0, 55555, 5555555555 55555 55 5555555)
Ha 55555 55555551 0155555, 55 555555 5555555555
5555555555)
ss 555555 555 105555 5555555555 55555555 5555500
- 10555 55 5555555555 5555555555 5555555555 55-
'flvm-
50. 01555 555555, 555 55555555 55555555 5555555 110·
wpopm
15 5555555555 55555555 55555 55 5555555555-55.
5555555 ⁸¹)
05555555 555 5555555, 555555 55555 55 555
55555)
05555 555555 555555 55555555 5555555550 055·
, 5550
ΤΗ 5555555555, 55555 55 5555555 555 555555 5555-
555555.-
55. Ilo 5555 5555555 555555 5555 55, 555 55 55-
5555555 5555555
Π5555555550 55555 555 55 Γ55ἱ555 55555 5555 55
5555, “)
5555 55 (05555555, 5555, 5 5555555, 5 55 5555
5555555555.
555 55 5555555555, 555 555555 55 5555555555 55
5555555555
555 55555550 55 5555 55 10555555 5 0155555555·
55550 1
00. 05 5555555555 55 555 55555555 555555 5555555555
555555

..ψ-

47) Π55555 Τ5ρ5555555,-55555 55555555555555 [0555555.

⁴8) 55 5555555555555 poma.

⁵⁰) Μ5555555555555 55 5555555 5555 apuam ssepepu.

³¹) 5555 5555555 555555, emenia 55555555555 naun. Vniunafi 5555555
5 5. 5. 5555555 5555555555 555555-555555.

03) Γ5 6 e p 5 5 a 555555 5555555 5555555 55555555 auen.

³⁶) 1¹ 5 6 i 11 55555555 55 51555555, 5 5555 55 55 555555-5555555 555 Ρ555.

0015555555, 555555555555555555 5555555, 55555555 u 5555555555
5555ιί5, 555 5555555 5555555 55555555 555 5555555555 5555555.

 

