..36-

33333333 3333333333 3333 3331333 3633333333 3333333313.
Π333333333333 333 33 3331333333 333333333313, 3 36313 333333,
33333333 33 3333333333 3333333 33333, 3333333333 33333 3333311
333 33333333, Tm, 33 33333 333363 33 33333333 3333333333,
33 3333333 3333311 33333, 33 333333313 3333333111 3333333333
33 3333 3311333333333333 3 33 333333333333 33333.

113333 333333313 33333333333 333333 3333333333 IV 311
33333 33333333 3333333 33 3331333 333 112 33 116 3. 33 P.
113333, 333333 3 3333333133 3333311 33 3333 33 116 3333, 33333
33 3333333333333 333333 33333(Χ1Π. 16) 3333333333 33 60 3333.
Α331333 6333 33333111 33333333333 33333 3 3333333333 3 3333-
333 33 1133333, 33 33333333333333333 33 3333333333 3333333
3333333333333 33333633333 33333333331311, 333333 3333333333 33
Α331333 333 3333333313 333 33 33333333. Bw> 333333 10333333
3333 3333313, 333333333 33333 333333333311 33333333333133 3333-
633333 33333333333 333333333313. Μ3 33333333 3 333 333333.
0333 33333333 3333333 33 1133333133, 3333313 11333333. 1033-
3333 33 33333333 33333333 3336333 3333333333333 3333333 33
03333313 33 333313 333333333313 ’1333 333333 333333 ,11333-
3133333. 113 3333 33333333333333, 333 33 84 3. 33 P. X. 333
33333 6333 333 33 Pam 33333 3333 33 333333333333 33333·
33333333 33 1111333333, 333 6333 3333333333 3333333333 33
1133333. 11333 3333333 33 33363333313, 333 03333111 33333333-
3111 33333333333 333 333333 33 33333333 033313, 33 3333 3311133
33 3333333313, 333 333333 333 6333 3333333336. Π33 33333
03333111 Α33333333111 3333333333 3 33 333333 33 333311 333333.
10333333 3333333333 33333333333 3333333333 3333333333333 3
3333333333 33363333 333333 33333333 33 3333333333 33333.
Η33333 3336333333311 3333333 10333333 3333133333 33363333
0333333333 3333333333 3 3333333333 3333333333 333 33363311
33333, Π333033. 111133. 92. 333313 3333333333, 333 33 33333
33333 10333333 6333 3333333 1133331333 1133333333. 033 33333·
33313 3333333333 33 33333 333333333331333 33 3333 3333333311,
333 333333 1133333 33333333333 331133331333, 333 3 ’133333
’1333 3333, 333333333, 333 10333333 3333333 33 67 3333 33 Ρ.
Χ., 333333 3 333333 3 Η33333, 0333331333 333 Γ1333, 33 3333-
’13333 333333 1133331333, 133333 3 Α331333.

Β3 333313 33 133. 3333333333 333333 10333333 11333313-
3333 33 33333 333 1133333113333333333 33333333, 3333333333
3333333 3133333313, 333333333311 0333313133 333333, 33333
3333133, 33333 333333333311 1033333333 Π33333. Η3 033333
” 333333333333311113333133333 33 333311 3333333, 6333 33 83
3333 33633333 36333 33 3333133 333333 333333 10333333 333-

 

