111111111. 1111111. 111

1110. 11111111111111111111 11 1111111111 11

,11111111111111111 111 olymfflfflssssim, 11·

1111 1111111111)

1111111111 1111111111. 31 1111111 1111 11111111
11111111 ¹⁸¹)

ι111 11 11111 Η1111111Η11111 1111111111 111·

01111 1111111111 &bynu 11 maffia& 11111111 11

1111. 111 1111111, 1111111111 1111, ω3111131111. 111·

1111 80 1111111 111111 1111 1111111) (1311111111111111111,

1111111111111111111111111 11 1111 1111111111·

1111 1111111111 Μ)

11111 11 1111111111111 1111111111111111111 .

111111111111111. ι1111 11 1111 11111 11111 ’
11111111 11 1111 11
10111111111111111111111 11 11 111111 111111
Η1 1111111111 111 (1111111ὒέ161) 1111111111Ι 11111111111111111
linearum 11111111111111611ῗέ111 1111111111,
1111 1111111111 1111111111 11111 1111 1111111
1111111111
111111 1111, 1111 111111111111111111111111,
11111111

¹⁹⁸) Ecsu 1111 11 11111111111111111111111131111 1111111111.
1911111111111111, 11111111111111111111 11 1111111111 11 1111111111·

11 1111.
Ιῗῦ) Manem 1111111 91111111. 111111111111111 1111116111111111111-

1111 111111111111111 11111111111111, 1111111 11 1111111111 11111111 111 .
· 1111111111111111. ’

¹⁹⁴) Ilo 11111111111 1 111111 11111111 11111.

Μ) zelotypae, 11111111111111111111111111111. Tu 1111111111. (111.
Ι. 35. 11111111 6111 111111111111111 1111, 1111111111 1111111,11111. 192.

³⁰⁰) 011111111111111111111ε 11111111111111111111111111 1111111 1 me
11 11 1111111 11111111111, 1111111 11 1111111 1111111111 1111111111,
1111111111 111 111161 11111111 11111111111, 111 1111111 11111111, 11-

11111111111, 1111111111 11 1111 1111111111111.

 

