555 flam 11. 555555 5.

510. ’05555 555555 55555 55 55555, 555 555555 555555.
555 55555
5555555555 5 5555555 555 55 5555555. 0555 555·
· mmm 555) ,
Χ555 05555555 555 5555555 555555 555555 555555-
55555, ’
55555555 5555555555, 55555555 5555 55555 555·
- 5555555555 ⁸¹⁸)
Μ5555555555555555555555 55555555555555555555·
55555 5555555555
515. 0555555 5505 555, 55 55555555555555555555555
· 55555 5555555555
555555 55505555, 5 555555 ’5555555555 (5555555555
’ 55555555. ,
Γ55555 55555 5 555555 05555555 555 5555555555
. 5 5555555
10555555, 5555 5555 555 555555 55555 55 55555555,
Η 55 555555555555555,Ι 55555 5555555 5555555555,
520. 05 55555,··555555, 5555 555555555 555 555 0555
·’ ’ ·· 5555555555,
Boe 55 555555 555555 5 5555 5555 555555555 55
01555 55555555 555 555555 5555555555 55 5555
’0555555 ’55 Τ5555 55 5555 55555555, 55555 55555
5555 55555 5555555 55555555 55555555 555555

525. Ι155555 5555 5555 55555555 55555 5 55 555555

*vr-*-

Μ) Ἡ55555555ο55 555555 55555555 5555555555 5555 55555555 555555555
55555555 (55 5555555 555 Ρ5555555) 5 Γ555555555555555555565555511565555.
&Reman 55555 555555555555 5 5555555555 55 55555, 5555555555 5555555555
1555555 55555, 555 5555555555 5555555555555 55 5555555555. Ba, 555555 55-
55555555555. 5555555555

¹¹⁸) 555555,-55555555-555555 55555555555555. -’

¹¹⁸) 05555555 5555555 55555 5555ιώ55555 55555 555555, 55555555555 555555,
55 55555 5555555 555555 555555555555 5555. Ηο 555 5555555555 55555Ι 5655·
55555, 5555555555 (5555555 »5555555555 55555)555555555555 5555155555, 55·
55555 555 55555555 55 55555555, 5555555 555 5555555555. 555 55 5555555555
555555 555555 555555 55555555.

³¹³) Τ55555555 Γ555555-Μ555555 noae.

 

