180 1111111111111111.

11111111, 111 11111111 111 1111111 1111111111

11111111 ¹⁸.
1111 1111111111 11111111 1111131111 1111111

1111111111
20. 111111111111 111 111111111111111 1111111111,
Β11111 1111111, 111 111 1111 11111111 1111
’ 11111111 ,
11111111 Ρ11111111111, 11 31111111 11111111
111”)
“ 11111111, 11111111111111111111 11111. ’11111
Β11111 111111 1111111111, 1111111111 111111111
1111111111 ·
25. Pom> 1Ι111111111111111, 11111 11111111111111
11111 11 1111111111 1111111 111111 1111111111
11111111. 01 111111 1111111 11 11111 11111
1111111111).
3111111111111 1 11111111, 11111111 1111111111,
’ ’ Β11111111 11111111111111111111111111
⁴ 1111111111111111
30. 111111 1111111 1111 1111111111 1111 6111111111
1111111
11111111111111111, 11111111 111111 11 1111·
11111111.
11111 11111111 111 1111111111 11111111, 111111

1111,

(1111 111111 11111111, 11111 111111111111111
1111111111111111 1111111 1111 1111111 111

11111111 ῃ)

ι“)1111111111111.11111 1 611111 1111111 11111111 6111 611111116111111,
11161 111111 my 11111 1111111.

³⁸) Β1111111111111111111111111 (ludi) 111111111111 1111111111, 1111·
111 11111111, 11111111 11111 1111111111 111111111111111111 1 1 1 ο u 1 1 1 1 u 1.

⁹¹) B e 1 τ 1 111, 1111111111 1111 111111111111111111 111111111111 Gora·
1111 11111111 11111111111111Ρ11111.

Ἠ) 1111111111 1111111111 ,,1 1 1 1 11 1111111 111111ι 111111 1111111111
1111111111 1 111111111111111 1 11 61111111 1 11 16111111111111111.

31)1111111111111111111111011.1311 vn. 129. nypuifi 11-
111 111 1111111111111 6111111, 111111 11 11111111 111ῃηί1 1111111111 111.
lv. 107, 11111111 Taum 1111111111 1111111111. 1111111111 1111111111.

 

