11111111. (1111111

1110 11 101111101111 1 111111 1111111111
11111.
Ηο 1111111010 110 1110111111 1110111111011
111111111
140. He 11110111111111 111111 6111111111, 111111
10101111
1011111 11111 0111061111 010111111 6111111-
, ’ 1111101’“)
1111 1011011011 11110111 11010110111111101·
0111111 ¹¹⁸).
Α 1061061111111111, 1110 Γ111111111111111 11
1111161111 ¹⁴³),
11111111101011 110111 11111111 1011111111 11111,
145. 11111011111111 1111101111 (11111111111011
1111111011, 1111 u 111110011111111)1Φ161”1111111111
Bam, 1110 1111111111 011111, 1111111 1111-
, 111111116111111
H 11010, 11 11111 111011 110110 0111111111111
11111“’).
110 1111110 1111111111 1101111101 1110110
151111 10110, 1 1111111 11 11161 1111111110111111111,
11110 0101110 11111110111111101111111101111.
111111111 11111 10 ’111111 111, 110 11111111
111011 “’).

¹¹¹) Το10111 11111, 101101111111611111 1111061111.

¹⁸¹) 11111111 1111111 11101110 001111111101111 1111111011 1111-011
6111111111 11111 111 11111011. Π111111111 ,1111111111111111011111Ρο11110111.
1111111111111011110111, 11111111, 61111 1111, 11110 1111111111 1111111 10·
1111111111111 011111. 0111, 1110611111, 111101111111111111111 1011011111 1111-
1111111111,11011 10101111 6111101111 1111111111 11011111111 11111 1111-
11111 1111111111. ’

111) 3111111111 11111110 11111111 1111011 11111110 6110611111 1111111101
1010111111 111111, 1111111111 11 1111111 011111 11 0111111111 1111161111
1111110111, 101111111011111101101111 1111101111 1011 11111111111111
1111111111, 111111111161111111111 11 1111101 011111 111111 111011-01111111111

111111011111111111 111111, 0111111111111111111 11011111 11111111 1111111110- ,

1111 1106011111 11111111 11111111.
11111111 1111011, 11 1111111 10101110 1111111 11111111 1111111111, 1111-
111110.

¹¹1) 11111 1110111111111111111 11111111 6111111110 11 06111111111111 6111111,

111 1 11101111 11111111 (11011. Cam. vl 11. 417) 1011110 quadrans (1111111).

 

