11111111111111. 137 ’

110. 111 11111111 11111 111111111111 1111111· 1111111,

1111111111111 111111 11 111111111111111111·
· · 11111111 ¹¹¹)=·
1111111111 111 1 111111 11111111 11111,

Ηο 6111111111111 1111 11111, 111 11111111,111111

’11111 1 1111611111 111111 11111611, 11, 11111
’ 0111111111)

115. 111111111111 11111111 11111111111111111111111 .
3111 11111111 3111111, 111 1111111111111111111
11116111111111111,11111-(111111ξῖ1ῗιῗ11 11111 111,
1111 1111111111 11111) 1111111111 111111 1
11111111 1 1111 1111 111111 11 m. Ηο 1111 11

120. ι111 1116111111 11 111111 1111111 11111111111111
01111111111111111 1111111111 1ᾞ1ῐ111111111111

- 11111 1111111111
111111 611 11111111 111111111111111111111111111
11111111 1111111 111111 1111111ῗ1111111ῐ191111 11111·
1111 111 1111111 1111111111, 1111111111181111111111111, ¹
11 1111111111),

111) Δ11111 11 1111111 16111111111.

111)Η111111111111111111111111,111111 1111111 1111111 1111111111
1111111111 111111111111111. 9111 1111 1111111 111111 1116111.-

1111Ρ111111 1111111111 1111 111111 1111111111, 11111 1111 0111111 11111·
11111 1111161111111 1111611111, 1111161 11111.

111) (Palus 1111111) M 1111111111 11111 (11111111 1111). 11111111 n
111111 11111111 1111111111 11111111111111111 1111111111111111111. »

111) 1111611111 ommuni 1611111 unm: mm 61 1111 1111111111-
musenim 1111111 m 1111111111 1111111111 Hm, 1111111, xm 111 om
1111111111, 1111111111 semum 111 1111111111 1 1111111111111 1111111
11111. Em :e 111 ne 11111111, 1ο 111 111111 1611111 1111111111, 11111-
11111111 1111111 111111 11111 ,1111-61-11111111111

111) Β1 11111111111111111111 111111 1111111111 111111 1111111111 (011-
1111111111111 1111111111 11 1111111111 1611111111 011111, tamensim
11111111 1 1111111111 noun 11111111). 11111111111111111) 1 ,111-
11111 111111111111. 11111111111111.

 

