Ι 1133331115333337. 137

225. 1333 53 33333333 3333333333, 333 3333333333 33

3333333 3333333333

· 5333333333333335333, 33333 yn 3333 53333 33·

533333 3 333333 3333 3333333 5ΞΞ2Τ3Ἢ1333333Μ).
133333 3333333 3333333 5333 3335333 1335333 533-

ΜΝ)

1133- 33 3333 33333 3333333 3333333333333 333333,
233 1133533 3333333333 533333 333 3333333 33333333
3333,

13353 333 33333133 33333, 33353 33533 3333333333
33333 333

Em 3333 33333 3 3333333, 333533 3333333333 333·

113333 33 333333 33133333 333 aaa: 3353, 33-
33333 333 ¹⁸⁸)

113333 133333 3 3333333 13333333 333 333 ¹³⁴),

235. 33333 3 3333333, 3333333, 3333333 3333 33333
· 333333 333333,

——-..-....

²¹³) 1133 333 3313333333 3333333-13333) 333333333333 3333 3333353333 33-
333333 (13333311 353 3333333333 33 33333 Τ3333313 3153333313 333333 33333-
3333 li. Ρ33313 Hannoni, 33333333 3333333333 3333333333333333·
333) 33333. - Η3 33333 333333313, yae 333 33 3333, 333 1133333333 33 33333
5333 33333333333333 10333333, 33 3333333333, 33310333333, 3333333333
33 33333333 333333, 333333 33333333 33333 335333 33333333333 1133 3-
3333. 03333. Car. v1. 453.

¹¹⁹) Ρ3333333 3333333333 333 3333333313 53333333 3333, 33333 33333 33 yu-
333333, 333 3333333 3333333 33 3333 333333.

²³) Μ 33 3 3 333 3 3, 33333333 Ι333333 3333333333 3333333333, 3333 3333333·
33 333 33353333 3333313, 33333 3333 33 33333333, 33 3333333333 (33 3333333
3333333333) 33 3333333333.

151)15333331 3333333 3333333333 33 Ι333311 333331.

. ῊὉΓ3333333333333333333333353331333331133,113333311,33333-
33 33333333333 3333333333.

¹⁸) 1133333333333 3333333133 333333 33333333 33 3333, · 333 33 3333333
33333333 3333333 3333333333 5333 333333333333 3333333333333 3335333.

¹⁸⁸) Φ 353 3333333333 5333 5333 3333333333 Βε33331333(Τ333333 1111. 5.)
, Ν)113333333 vnn. 93333333331113333333333 333333 333 15333333,
333333 inea. Ho 333 3333333333 33353333 333313 33333 33333333 ’333333 οτ-
33. Β3 ’333333 X. 388. 333333333 3 3333 Para A 3 x 3 3 3 3 i, 33353333333
33 3333333 3333 33333 3333) 333333. 133335 3333333333 3533333 353333-
333333 33333, 333 33333333 5333 3333333 333 333333,

 

