ΠΡΕΙΙΗΟᾸΙΟΒΙΕ.

’333330 3333 30330 3 3333303330 30333333303 33 33-
0303033 3333030333033 (3330603033) 333033 33 333-
3033, 330333 333333333 33333 3330333 Ρ3303ἱ3 030-
3033, 333330, 3033033333 33303 3333 30303 30 0333-
633303, 3 30 3333033333 33333 33 3333333333, 33333 003-
30303333 0303033. 33330 33 3030333333 3033. 3330
30 0330330330 33 0633303033330 330303333ιό 33333, 33-
30033333 3333.

Τ333 30 30330 30330333303 033 00333333 3 30033-
330303 33 0333333 303333033333333 333 3303 3030-

333333 30303333 3 303033333 0303033.

’ 03 3303 30333 333333 33330303 3033330333333 0333-
33. 3003333333 3333 300333 30 303330 330333333303
. 3333033033 03333303333 330333030333 ’3333333 333033
3 33303033. 03333303 303333 0333 3030300333 33333
3033330 30333, 30 3 03300303303330 30333333 33333 30
303033 333 3033333333 03 3333 033330333303. Β3 33033
033333. 333 3330333033 0033 33 300633303033 0033033.
0333303033 33333 0333333 333 30333 3033333 30333333.

Ηο 33330, 3333333 03 3333333 33303333333 33 333-
03333 3030 333 3333330 33333333, 3333303330 03333333303
00 3330333 3 03333033 330303 3333333333 30333, 33
33033 30303033 33 303333 3333 63 3333333333 33 333
3333330 33333033333 3330333033 33303333333, 333 30-
303333 3333033303 0333333 333330. Μ3 00303330330 030-
30333, 3 0033 33 30330333033 3333 33003033 333333

 

