11666611. 66666612. 191

5. 116 6666666666 66666 6666666666 666666 6666666
1166666666 66611 6616 61166666 66666 166661·
66666 36666666.
1666666661666666, 66 666666 6666666116 6 66
6666666
11666 6666666666 666666, 66666666 666666 66-’
6666 666
116666 6666666 666666 66166 6666666666666
666666.
1611666116 16666666 66 6666 66666 6666666 66666-
6666,
11 6666666666 16666666661661666666666666, ¹¹)
ι166 666 6666 616666, 6666666666 66 6661666611
· 666666,
A 6 66666666 66666116666666 611666 6666661, ¹³)
11666 666666666666 6666666 6666 6666666 666-
6666 66 66666666,
111. 1666 66666666 666666 666666666111666, 666 66- ’
6666
1166666666 666666 6 6666 6666666666 61666 666
6666666.
1116 666666 66666666 66666666 6 6666111 6666666
(166 66166666. 166661 66666661 66666666 666 6666
Tm 6666 6 66666 66666666 6666666 66 66666,
10. 1166661 6666666, 666 666 66666666 6 6666611 66
, 666666 ·
116666, 666 666666 6666666 6666666 6666166·
’· 66666666
116 61666, 6666 666666 666666. 1166611666 666 66·
6666666666
1166 6666666 666666, 66 6666666 66 6666666 666·
66666616 ·

——w—

111116616666666,6666666666666066.11 66. 14, nm. 6666666666
marna, 6661666666666666, 666 666 6666 666666 gana m atron 6 pingui s.

11)116616666666661666166666666666. 6666 6666666666 6166166166
mn 666 666 6666666 mmm.

Β) Boe-gaze 6166666 6666666616 6666666 66 6666666 666616 6116666666666
emmach, 66666 n. 6666666666616 6666666666 ynam.

 

