32 1111111. 011111 2.

25. 1111 11 11111111 111 116111111111111111111
116111,
11111 6111 11111111 1111111 1111, 1611111111·
1111 ¹⁸),
11111111 11111 1116111111 111111, 1111111111111111,
1111111111111111111111111111111111116111111“)
11111 1111111 1111 1111111111 11111111111 1111111”)
31111111 11161111, 1111 11111111 111 11111111111
1611111111,
[111 1111111 61111 6111111 1111111 1111111111,
Β1 111,Ι 1111 11111111 111111111110111 111111-
’ “ 1111111111
0611111111. 11111111 11 11111 1111111 111111.
ss 11111111-11111111 1111111111 11111 1111111·
· ' 11111
35. 01111111 111111 111111111 1 11 1111111 11111
1111111111 ,
Η1111111 1111111111 1111111111111111111111111),

11111111111111111111111-11 111111 [1111111111
- 111 1111111111

111111111111111111,6111111111111111,1111111111 ·

Η111111 61111111111111111 11 Ρ1111 111 111111
611111 1111111.

⁹⁶) B 111111, 1611111111 [1111111111 11 1111611111 01111111111111111
11111111 Μ 11111, 1111111111 11111111111, 161111 1111111. 1111111,
11111. 111. 1111. 3311, 116931. 111. 0. Ρ11., 1111111111 11111111, 1111111111 11
11111111111(6111111 11111 111111111), 11 1111111 11111 11111111 1111111-
11 11111111111111111111111111111111Β1111111. 31 1111111111 1111111 1111
1110111111).1111111111611111111111111.

⁵⁸) Τ11111111 1111111, 0111111111 11111111,11ο11111111111 1161111 111·
11111111 11111111 01111.

2⁹) Τ11111111111-1116111111111 11111. 3111111111111111111111111111)
11111 1111111111111111111111111111111011111, 1111111) 'sn-ra, 111111 1111
111 11111 11 1111 111111 016111, 1111111 11111 11111111, 1111111111
1111111. 1111 1111 1111 ,1111111111 1111111111 11 11 11111111111 mom
1111111111111 11111111 1111111 111111 111111161111111111111111 111·
1161111111 111111 11111111 (11111111 111 adulteriis), 111111 11111111 11111-
1111 61 11111111 1111111 1 1111111 11 m 11611111 11111111.

³³) M. 3111111 011111, 11 1161. 1. P. Xp. 1111111, 11111111111111-
1111 6111111111111111 11111111.

³⁸) 11111111 11111111111 11111111111111111 11111111 1111111111.

 

