44444404444414. 213

444444444444 4444444444, 44 (4444444444 444444

, . 44 4444444
240. 04444 4444444 444444, 4444444444 44 44 444444.
44 444 44
4444444 4444444444444444 4444444 44444444444442
’ · · 144444 44
44444444 4444 44444, 44444444 444444 444444-
⁰3⁶? 144)
44444444444444444444444444444444444444444444
4444444444444442 44444 4444444444. 44 44444 4Ι
· 'Q 44444 44
245. 4444444444 4 44 444444 4444444 44 44444 44-
4444444,

444 -44 44444 0444444444 44444, 44444 44444 4444-
· 4444444

3444444444444444444. 444 4444 444444444444 4444-
’ 444
4444 444444444444, 4 4444 444444444 44 4444444,

444 444444 444 444444 44 444444 44444 44. Tn-
ΡΜ. w)

ΩΑῘἈΡΑ xw.

44444 4444444, 4444444, 4444444444 44444 44
’ 444444-
4 44 4444444 44444 4444444444 444444 44444, ·
Β4 44444 44444444 44444 44444444 4 4444444444
’ 44444444.Ι ’
444444 4444444· 4444444 4444444444 44444, 444444· .
4444

m) 444444 44444,
2¹⁹) He 44444, 4444 4444444444 44444444444. ·

044444 414.

’ 044 444444 4444444444, 444 44444 44444444 4444444444 aa 644444444444- ·
444444 4444444444, 4444 4444444444 ,4444444444 44 4444444444. Mem 44444
4444444444 4444444 n 44444444 m 444444444444444 44444444444 444444444644.
4444444, 44 44444444· 4644444444 10444444, 44444 44444444444.

 

