51111501111115. 239

01151111111111111111111111111111111111111111111
Ρ111111111 1111111111 1 1111111111 115111 111111-
11111111,-
145. ss 1111111111 11111 1 1151 1111111 1111111111,
ῑ1111111111111111111111111 1151111111 1111111 11-
1111111,
51111115111111111111111111111111111111111111.
’ · 0111111111
51111111111111 1111111111 1111111111 1111 111111
11111111,
Ham 11111 111111 1111111111, 1111111111 111111-
1111111111
150. 1111111115 1111111111 11111111 1111111111 11111· ’
11111,
01111111 1111111111 11 11111111, 151111111111-
· 11111111
Ρ1111111 1111111 1111, 11 1111111111 1111111 1111111.
0111111 111111, 111111111111 1111111111 11111111
ι, 1111111 111111
. 51111111, 111151 5111111111 1111111 1115111111
’1111115
155. 011111 1111111111, 1111111111 11 1111111111 11
11111111
1111111111 111 1111111111111 111 pam? 1111111·
111111,
0111111 111111 1111111111 111111111111111111111511
, 11111 11
5111111111 1 11111111 1111111111 111 111111 1111·
1111111“·).
Ηο 1 y 1111111111 1111111 11111111 11111111. He
1111111
160. 01111111111111111111111 1111111111 11 11111111.
Koma se
511111 y 1111 1111111111 1111111111 11115 ‚ss 11
1111511

· 1⁵⁸) 1511111111 111 1111111111 11511111.

 

