Bflnra 1. 011111 3.

1111111111, 111 11111 1111 11111111 11111111-
1111.
1111111 11111111 111 1111111111 11111111, 11 ,

ι11111121
Β1 0111111111, 11 (1111111111 111 1111111111 111
BYIOEHIB 121)Ἰ
225. Η1 1111111 1111, 111 111111 111111 1111111 111
’ , 1111111111.
‘ 011111 1111 11111111 11111111, 111 11111111·

11 11
11111 1111111 11111 111111 1111111111 1111111111.

21111 1111111 111 11111, 1111111111 1111111111
Ι 1111111,
21111111111-11 11111 111 1111111111Π111111·
1111111111 ¹²⁹).
230. 1Ι111111111111111,11111 11111111111111111111
1111111 1111 1111111111
211111 1111 111111111111111111111111111111111.
ῐ111111 111111 1111111111111111111111111111, 11
11111
0111111 1111111 1111111111 11111111 1111111, 11-
1111111111
Β111111111111111111111111111 111 11 111111·ι
11111 1111111111
’ 235. 0111 1111111112 3111111111111111 11111111 11-
11111 111111. ‚„
Β111 111111 11111111 11111111 11111111 111111
111111
2111111 1111111111 1 1111111111111111111, 1111·
11111111 111111, ’
0111111111 1111 11 1 11111111 111111111111 111-
11111”“).

-u- .- nam-1·—

224) Π1111111111111111111111111111111 11111111 0111 11 nro-nomon, ‘1³26-
11111111111111111111111111111Ρ1111.

²2⁵) 31 1111111111 1111111111.

³2⁹) Π11111111111111 ο1ο111111.

9’12)21111111111111,111111 1111111111 2111111, 1111111111 111111 1111111,

 

