00000 11. 0000006. 101

0000000 0 000000, 00000 00000000 0000000 00
5000000000

000000, 0000 1000000000 000 0000000 0000000000.

0000, 000000 0 00000, 0000000000 0000 0000 yxo·

Jnss'b,

- 340. 0000, 000 00000000 000000 0000000 0000000, 0000

0000000000 00 000 0000 000 0000 0000 0000000.
0000 00 00000 00000000 0000000000 0000000

000 000 00
0000000000 00000000 on 00000 0000000000 000000
· Ι Ita 0000 0000000 0000000 000 {a} 0000000 00-
00000

- 345. 000 00000000οο0 aem? A 000000 000 000000 0000

’ 0
000000, 000 00 000000 ompnnssnfflffifi'ronopme.
,00 00 00000000 aaupn! Ho 000 000001000οη50·
0000000 numm? 0000 00000 ἒ 60105 0000 0000000 ’

00 0000000.

000 000000 000 00 00 y 00000000 00000 y 00000000,
350. 0000 000000 0 00, 000 0000000 00000 0000000
000, 000 000000 00 0000000000 000000 0000000000
0005000000000000000000000οξ0101οῇ0ῗοἚο0 000000
0000000000 0000000, 00000000 0000000, 0000000·
00000 0000000000 0000000 maxuma 00000-
355. 000 00, 000 000 0000000000 affl 0000 00000000
000000 00 0000000000 00000 000000 000 00000000

00000000,

--—--—-—--—·

Ν) 110 emmonem [0000000οτ 0000 00000 00050000 000 000000000οο-
00000 0000000 000 0600000000 0000000, 00 0000 0000000000 00000000000.
Bc& 0000005000ιο0, 0000000 00000000 000000 000 00000οω0000ιο000ιο
00000000ου00, Hm.

00 many.

 

