116 16111011. 0011106.

111010 0110111111, 1010101110 1110111010 01010
11 001011 00111 11101011010101011101110 1106110.
11110 01011010 010 1 1111001110 100110101011·
10111010.
610. 10101011110111 1100010, 0 01010110100100110
1111010
,ι 600001101110, 11060 010011110111100 10101-
· 110110
’ 11 6011101010 010 11010. Βο10 00 01010 10 11 60-
111010
101, 001010 10 11011110 10 1111111111 1110 111
1010111110
11110, 110 0011000 0010111110, Ηο 010 01011110,
· 101110 ’ ¹
615. Βο 01001010 01010 1111101111111010010 1010 1111
¹ Ηο1010,
1100111 10ῠο 1010601100 10110111 1101011111 1111111
11111110 Υ110101 110101 0101010110 010 0111111110·
- 111111
1100101110 1000 10061100 10 01111110 1101111000.
1011010106111010110110 0011110110 11110 60111-
. mm). m)
620. 1010 11001011 11160 ,1111111101 111110 101110 010-
10110,
1160 010 0011110 0101110 0110110101111 1 0110-
10111110
1011010 0111 1110 1101011111 1010111 101οῠ1
1100 1110111, γ00 1010101110 11111100 0611011111
011011.

-n-———--

61110111110 10 1111111111 11011101 1111 11010110, 1011101010 60·
0111010011, 11010101111111111 61110 611 0101010. 110 61111101 010110 ero 000.
1116101101, a 00111110 100111101 10101 110οοοἱ1 1111110111 010 010110101-
11106111111 0101060111, 1 100011110100 1001011010 111010 1101106110 1111-
1010111101. 1110 xe 01. 133.

⁶¹⁸) ’10110 1010 110 6111016110, 0101100 1111101010 10 0110010, 1010111-
11111001, 10110 61110 00110 301000 060011111οβ

1111Γ11111101111111111. (1110111. 011. V. 147.

 

