1111611161116610. 167

6 116 66 1111 61616, 16161 16611111 16616116
16, 1611 161161616111 1616116111 61161 16 61111
16611 ¹⁸⁸.)
116 161611 1161616111 6 616161 fl 6111661116·
611
166. 1111 16116116 6166111611 611 611111 1611111 ’
1611 1611111,
661111611161116111 61 1616116111 16661611
16161
11616611, 1611 6161161111166111161616611166-
61611616).
. 11661661111611 16 11611, 116 11616111 1116166·
161116, ,
He 1611, 16 61611116 16111, 6 61111 166111116111
1661161111 1 1611161611 61611 161111 1661611111
16161611
[16661611. 616161 16 66661611116616116611 66·
. 661111 111111,
1166116166111161111111 1 61111 1611616111
16611616111
116616661116116161161611161616 116111 1616111)
1116611611111 111111 61161611 166111611 1166,
170. 16116 611 66116611 61 6161611116661111661111
. 6661666
116 161111 1666111611611, 6161116111116111611
161 1111111111
. 16 66616661611 611 661611 16161611111111616611
6116116611

...Ἥ

151) 1616116111, 6661161611161611,

1611Β1611611111161 1166611.

¹⁸³) 116661611, 1116166611611 1661611111.

¹⁶⁸) 1161661161 6611161 61 116111 (1611111 1161616111.

¹⁷⁰) 11661 1 0661161 61111 1661661161 1661611111 6616611661 6161-
6116161661. ,

171101611116161661166116 11116611111 6161116111 6661611111 16661611
611 1161116616 16 6616611616,

 

