1111111 V. (111111 13. 207

130. 11 1111111111 111111111111111111 61111111
1111111111
11111111111111111111111,11111 11 1111111111.-
’ Η11111111
1111111 111111111111111 1111 11111, 1111111111-
1111111111 ¹³²)
1111111 111111111111111111111 111111111111111
1111111.
1111111 111111 1111 111111111111111111111
¹ 11111111.
136. 1111111111111111111111111111111111 11116111·
11611111.
11111 11 11111111 11111111, 1111111111111111116·
mn,
κ · 111111111111111 11 111, 111111111111111111111·
, Μ 111),
11111 1111 1111 11 11111 1611111111 1 1111111
1111111111
6111111111. 111 11111 11 1111111111 11111111111-
11111,-.-
110. Η111111--6 1111111 111 11111111 111111111111-
11111
01111 11111111111111 111 1111111 111 111 11-
11111 611111,
1611 11111 1111111111 1111 1111111111 111111
111111
1111111111 111 111 1111111 1111611111111111111111,
11111111116111111111111111111111111111111111.
6111111 “
145. Π111111111 16111111, 1111111 11111111111111 11
1111111 ·
11 11 1111111111, 1111111 1111111111111111
1111611111

¹³2) Ρ111111111, 1111111 11 11111111,1111611 aem 1111111111 11 11611 11111-
1111111111.

¹³⁷) 91111 111111 11111111111 111. XVI 41. 0111111111. 111 1111111111·
ma 11 1111111111 11611111, 1111111111. 111111111111111 11 11111111 ea· 1
11111 11611111 1111111111111111 1111 1111111111111111.

 

