218 ¹ 111111001111114. ·

111 11111111 111111, 11 111111 1111111111 11-
5 1
11 11 111111111111111 111111 1111111111 11111111
1111
911111 11 11111111 1111111Βο111111111111·
1111111 11111111,
’ 90 1115111111 (11111111 1 Γ11111111111111111,
111111111111. Π11111 1111111111 1 11111 111
11111111.
1111 1111111111111, 1111 111111111 1111111
11 1111111111 1111, 111111 11 1111111111
1111111111 11 11111. Η1 1111 11111111 111 111-
1111111,
95.11111111111111111111111 1111111 111 11111
11111111111
111111111151111 1111 11111 1111111111111-
51111,
111111 11 11111 1111111111. 1111111111511111
1111111111111111111 111 11111111 11111 111 =
111111
11111 11111 11 11111, 1111111 1 1111111111 11-
100. 11111 1111111111 11,1111111111ξ1ξ1ῗ1111Ρ111111,
- 111 11111111, 111111111111111111111111111111
11111 111 1111111111111111111111 11111111
⁴ 11111
Η11111 11 111111 11111 111111 1111111111 11
11
11 111111111111111111111111111111115111111111
105. Ho 11111 11111111 11111111ἒὲῗὲ111111 111111
11111111 1 11111111 11111111111111 11111
11111.

90)Π16111111, 111111111111611,1111111111111111 1111111111
1111111111 11111 1111111111 1111 1111111 1 1 11 11 116111.

ἰ) 1111111, 11161111111111 11111111111111111111111 111. Elauia 1811·
' ton, Claud. 28)11111111111151111111111111111 5111.

 

