11111111111111118. ' 1811

‘ 11111101 111111, 11111110111111111111111·11111’)

· 1111111111111101011111111 1101111111 9111111011

1111 1111111111, 1110111111 11111 1111111110111111

5. 1111 6111 11111 1111111111011111 6011· 11111
1 61111001,

· 11111 1111111111 1111111 11 1110111111111 1111111
‘ 1111111111 ⁸)

Ha [11111111. 11111111 1111111111 111111 111010

111110111111111101011111110111111111 111111 ,

1111111 1011111,
1011 111 111110 1111111 111011 1101110111 1111011
m 1111 1111 ’1
1010101111111110111,1111110111111101111 111 ,
· 11111111. ·

*—

1010111111 011 1111110110111 1011111101 11 11011 1111111, 1011111111
11111111110111.
1)Πο11111,111110110111061111110111110111111111111,11110111 1110-
100611111111Π11111111, 10 10110 1111011110 1111111 111101101 1111, 1111
111111111010111111, 1101111011011111, 1101011111 11011111111 y 111111-
1111 11. 81.
1).1111111111111111111101111111111111111110111011 61111 110111 11101111
’ 01111111 1111111011 1 1001011111 110111111111 11111011 1111111. 811011 01
1010611111 1011111111 0111111101 111060111111, 1111101111111 11111111 (1 r·
maria), 111111010111111 1111111101 11111011111111) 111111, 0111111 1 111-
1111011 1111111. 811 111111 00011111101 11101101111 11111111,1111110 111·
0111 111101111111 1111 611 110111 06111101010010111101011111(11111101111),1111
01101110111111111111. 101. XXXV. 2. 61011011 benet. 111. 28. 2.
11011111 1111111 1110111111 1110111011 1111111011, 10 011 1116111110111
1011011111.

Ι’1) ι11111111 yae 11111111 111110111100101111111111111,10101111011 1010-
11111011111110111. 110 1111111010 111101111111 611101101101111111111 00-
61111101 101 3111111111, 1111111,1101111111 1111161, 1011111111 11010111 111
01100111111111101011111111111 1111101011. 10111111 111111 11111101α1
01111111 1111 1. e. 11111110 1011111111111161. 31110111111111 111 8111·
1111011 01111011 1111111011 01111 Π1111911111. 1111111 (11111111)
(81111111) 80111111 (1111 0011101111 1011111 1011111111 Pana), (1111111111

111161. 801 111 610011 111 011111 1010111111 10 11110011 1111. 1011101-
11111. ·

, 111101101111110101 011 1011061110 1111160111 111111110111 11111111 111·16-8
’ 1111111, 11 1010111111 10011 11111111111111110100111111111101 1101001011οο
1011110111111 1106110111101 1111111110111011 11 1111111011, 010110 11111-
11111111.111101011110, 110111 011111111111111111 1111111111 111110011111-
11111,111 1011111111 1011111.

1) 1111111111 111011 1, 1011011 1111111111. 1111110111.

 

