1111101000110010. 171

11111101 1100001 1110110111 Γο10111 00000011
1011011010 ἠ).
10110000010010001, 1100111010 00111 0001 10·
1111
1011, 110 1010111 111 00011 01011010 000010 01
10001001”“).
01011 1100011 00001000, 1011 11111010, 01011
001001,
00101010010100011000,1000010000110011, 01011
1111101111 11110 100010 101 10111111 10111001
1010110111
230. 011, 0001100111 00110110, 001100010110011 0000 ·
1010111011,
1010001100011, 0001 1001011011001001, 1110·
100010011010111
01011 101101001110 001101 1011. Ηο 1000010110
0110010111, 010000110110 11 01011 001
’ mom, '
110 10101010 111110 101010111, 01 0010011111οο·
·· 11001101
235. 000110 00110110011,11 1011, 10100111 001011
001
· 11 0001110111. 0110 111 000110000111011011001-
0011111 ,
01100010010011 010 100101000110 000 1001011110
0000100111 11 (110110 0011001110101001110011
1111101100
1011, 010 100110 10110101110100100011010010.
210. 110010 1010001111 011 0111011 0011001111, Ι101111·
1010101 10010101

³²¹) Μ 0 0 00 (01010. 001. vl. 007) Pau 1111, 0000000011 1100111ωο01
(vll, 62) 011000 ae 100001.

Β) 01011 0100010010000000 001. 1, 25. 010010 000101100100 00000010
01000001011 00101001.

00011010000 0000101010010100 00100000001001 01 0000001001. 01010
0000100100 011010 persona 00 00110 0001010000, 10 0000100010. Ηο nunu·
111 001 000 0100001 1 000 010 000111,

 

