1111110111113. 43

1111111111 111111 1111111111 1111111111, 11
11111
50. Β11111 11111111 1111111 111111 1111111111 111·
’ 1111111
He 11111111 11111 11111111 1 111111 1111111111,
1111 1111 1111111111111 111111 111111 1111111111
Τ1111 3111111 1111, 111 Β111111, 1111 11111-
ι1111 ⁸³) ’
1111111 1111111 11111111. He 11111111 1111111
· 111111 111
55. Β111 11111111 Τ111, 111 1111111 11111111 1111,
ῑ111111 11111111 111111111111 11111 111111- 2
11111 ’
01 11111111, 11111· 111111111111111111111 111-
1111111111
ι111 111111 1111111111 11111111 1111111111111-
· 1111
ss 111 111111 1111111111111,1111111 11111111 1,
10. 011111 1111111111 111111. Η1 11111111, 11111111,
1111111111 11 1111111 1111 11111 111111111111
Axefiun.
Vae 11111 0111111111 011111 1111111Τ11111111
· , , 1111,
ΙΙ 11 111111 1111111111111111111 11111111,
1111111111 111111, 1111111111 11111111 1 111
11111“)
65. 1111, 1111111111 1111111111111111 1111111111.
Β11111111111, 111 11111 11111 1111111111 11
11111111 11111111

.—.-—.-—-—

11111111111111111111111211111111161111111111111111
11111,1111111111111111111111111111611111111,111 1
1111111111 111111 10111111.

⁵³) 11111 Β11111111111 1 Ρ11111ι11 11111111111 1111 1 1111111111.
⁵³) 1111111 (Τ11ὀ) 11111 1111111111 1 1111111111, 1111 111111111111.
Μ) Ιί11111 11111111 1116111, 1111111111 111111.

’ ⁸⁸) Η11ο11ΐ1, 111 111111 111111111111.

 

