1111111110111117. 131

140. 111111 1111111 1111111111, 1111 111 1111. 11111-
1111 1111111.
1111, 1111111111111111111111111111, 111111
111111
01111 111 1111 11 11111111 1111111111, 111·
1111 11 111111
11 1111111 111111111111. 311111 11 111111 11
1111111111110) ·
0111111111111111111 111111 1 1111111 111111
145. 01111111111.Β1 111111 111111 1111111111
11111111.
11111 1111111 111111 1111111 11111111 1111-
111111““)
111111 1111111111111 111111 11111111.) 11111
· 1111 1111111
111111 1111111111111111111111111111111111
111111, 111111111111 1111111 1111111111111-
1111 11.
150. ’111111111111111111 011111 11111111, 111-
111,

1111111 111111 11111 11111 1111111 1111111111
’ 1111111111
1111 1111111 111 111111 1111111, 11 1111111
11111

111111111111 1 1111 1111111111 111 1111111111·
11111

111) He 111111111111111111111, 1 11 1111111111 1111111 11111111.
111111 611111 111111111 111111111111 11111111 11 1111 1111111 1 111111
(11111 1111111111 11111111111111 11116111 noum 611111 nummio 1111111-
1111111111 1111111111111. 0111212).

111) 1111111111 1111611111 11111111111111111111 1111111, 111111 111 111
11 111111111111111 11111111.

¹⁴⁸) 011111 11 1111111111 1111111111 1111111111111, 111Ρ1111 1111111·
111 1111111 11111111111111111111111 111111111111111111 1111111111, 111-
161111111 1111111111111 11111111111111 1111111111, 1111 1111. Cenon
(11111111), 111111111111111, 11111111 111111 11111111.

10) 111111 1111111111 11 1111111 111111111111111, 11 11111111 11111111
1111111111 1111111, 111 11111 11111111 111111111111111111 y 11111 111-
munnio 1 111111111111 1111111111.

9·

 

