168 11111111101111111).

11111 1111111111111 1111111. 1111111, 1111111111
11111111 111111 111111 1111111111111111111111
171. 11111111 1111111, 11111111 11111111 11111 11
· 1111111
111111111111111111111111111111111111111111,111
1111111, . .
111111 11111111 1111111111 11111111 1 1111111
. pm ·
111 11111111 11111111 1111111, 11111111 01111111
. ⁴ 1111111111.
11111111 11111 1111 1111111111, 1111111111 11·
· 1111111111
1811111111 1111111111 1111111 11111111 1111111
91111,
111111111111111111 1111111111 1111 11 1111111111
9111,
1111 11 1111111111 11111111111111111 3111111111)
1111111111 11111 111111 1111111111 11111111 111
(1111111111 1111111111-111111111 1111111111 111·
111111111111111111.1
185.111111111111 11111 11111 1111111111 1111111
· 11111 1111111111
111111 1111 1111111111111111111111111 11111111·
1111111 11111111.
11111 1111111111 1111, 11111 11111 11111111
111111

111)10111111 11111111111111 1111111111 1 1111111111 11111111111111-
111111, 11111111111 11111111, 11111111, 1111111111 1111 1111111111 pinu
11 111111 1111111111, 1111 1 11111 1111111111 1111111111111111 (11111111,
11111111 10111111 11111111111111 1111111111 1111111111 1111111, 11 11-
1111111111111111. ·

111) 1111111 1, 111111 1111111111 111111 11111, (11111)111111·1111111111,
31111111-1111111111,11111111111 111 111111, 1111 m 111 1111 11 cam
3111, 1111111111 11111 1111111111, ’

111) 3 11 1 111 1111 (1111111111, 111111) 1111111111 11111111 11111111.

111) 11111111 11111111 1 11111, 11111 11111111 1111111111 11111111 11111111
1111111111. 11111111111111, 11111111111111 1111111111, 11111 11 1111111
1111 11111111.

 

