1111111111 1111111111111111111 1111111111111 111111
-11111111119111 11 1111111111 1111111111 111 61111
111 1111111111111111111111111 11 11111 1111111111
111111111111111 1111191111 11 111111 11 11111111
111111111111191 111111111111111111111111111111 1111111
⁰ 11 6111111 11111 11111111 1111111111 11 1111111111
11111111111111111111111111111111111111111111111111
-111 1 11111 111111111111111111111111111111111 0H'

„mmmmm 1111 111 11111111111 111111
’111111111111111111 111 1111 1Η
11111 1111111111 11111 111 11111 off

1111111) 1111111
11111111 6111111111111111111 1111111111 11 1111111111
11 1111 11111111111 1111911111 11111111111 11111111
111111 11111111111 61111 11111 1 111111 ’1111 11111
-1111111 1111111111 11 6111119111111111111111111111111
111111 11 11111111 1111111911111111111111111111
1111 ί1111 1111 111111111191 1111111111111119111
1111111 1111111111 111111 1111111111 1111111111 ι1111111111
1111111111 111111111111 1111110111111111111111111111
11 1111 1 1111111111) 11 11111 11 11 11111111
11111111111111111111 1111111113 1111111 11111 111
-111111 111111111111116111111111111111 11111 11 111
611111111 111 11111111111111111111111111111111111111
1111111111 11111111 ι111111 1 11111111 1111111111
-1111111111111111 11111 11111 11 161111111111 11111111
-1111 111111111111111111 11111 111 1111191111 11111111
-1Η 1111111111 19 1111111111 1111111 11111111 1119 11
1111111111111111110 1111111] 11111111 1111111111
11111 11 111111111111111111911111111111111111111
1111111111 1111111111 1119 1111111111 19111111
1 11 1111111110 11 1111111111] 111111111οῶ
11 61111111111 11 (1111111111 11 11111111 11 61111111
-11111 11 ι1111111111]Ι 1111111111111 11 191119 11 1111
1 1 ·1 1111111111, ι1111191111111111 ’111111111111111
1111111ΠῙ 611111111 61111ῘΠ 11111111 11111 1111 11111

,Γ

 

