155555 1. 055555 5. 79

, 150. 11555 555555, 555· 555 55555555 555 555555 555-
. 55555555
11555 55555555 555555 y 55555 555555 5555555311)
15 5555555555, 555 y 5555555 1155555555555 555
55555 ¹⁸⁸).
155555 555555 555 555555 5555, 55555 5555555-
Ha 5555 55555555, 555 55 55555, 5555555 555-

55555555,

155. 05 555555 5555 55555 55 5555 5555555555 5555,
5555555 55, 555555555555555555555551055555
11555555, 55505 55 55555555 5555 5555555 5555·

515 555
11555 55555551 5555555511 5555551 110 55555 5555 55,
1155 55555555, 55555 55 5555555 55555 555555·
5555 5555
100. 55555555 5 55555555 55555 555555555555 55-
5555.
Tu 55555555 5555 5555555555 5555555 55555555,
055 5555 5555555555555555511 55555555 555555-
5555
11 55 5555 5555555555 555 55155555555555,55555
555
1155555 55555555, 5555 555555 5155555555 555555
55 5555555 ¹⁶⁴)
1051155 5555 55555 55555 5 55555 55 5555555 55-
· 555510
0555 55555555 5555555 55 55555 55555511. „Bm
55555 5555

*n—

¹³1) 05555515 5555 Amnon 5555 51555555 (cn. 05555551Ἧ 112-121).

05515555555515 555555 -155555555

¹³⁵) 115 5555 055515 Tyana, 555565555555555 Τ555555155515555555 555-
5555555555 51555555555 55 55555 55555555, 55555555 555555 1555555555, 55-
555 5555555 5 55 5655555οῆ 5555555 ua 55515.

¹⁸¹) 055515 5. 5. 33. 1, 5555555555555555 565 5555555515 ’155555 5 i·
e 5 5 11 p e 5 5 5 5 5. (θ 5 5 y 5 5 o ι 5) 555 555511 555555555555 55 6555555 5555-
5555, 5556555 anana: 55555511 65555 555 5555555 555 5555515 55 555, 55 οτ-
mie 555 555555555555, 5556555555, 5555555555 55 55555555 5555555 5555-
555 5555555. ’15 5 555515 5555555555 555 555555555555515 5 55555555555 55-
55555555 555555 (555555).

 

