11111111. 01111111. 181

35. 11111 1111 1111 11111 11111111 11 11 1111111111
1111111111
11111111111111, 111111111111111 1111 111111,
Η1 11111111 11111111, 1111111 111111 1111111
. 111111 .
Η11111111. 1111 11111111111 1111 11111111,
- 11111111 11111111111111,1111111 111 1111,
1111111
40. lenm 111111111111111111 11111111, 11 11-
1 11111
111111, 1111111111 1 11111 11111 111111111-
11111111.)
1111111111 1111111 111 11111 11111 1111-
mm
1111111111 111111-111111 1111111111 1111111Ι
11111 11111.“)
1111111111111111111 11111, 11 1111111 111111
11111111 ’
45. Ρ1111111111111 1111111111, 1111111111111111
’ 1111111.
111111 11111111111 11111 11111111 1111111 11
Ρ1111
11111111 11111111111 111 1111111111 1 1111
11111111
11111111111111111111111111111111111111111111,
111111 11111111 1111 1111111111 Β111111111111.
50. 111111 11111111 11111111 11111111, 11111 111·
11111111
Η1 3111111111, 1111111111 1111111111 1111111-
, 1116111111.
Τ11111 1111 11111 111111111111111111, 111111
· 11111111, 111 1111 11111111 1111111111 1111

11111111.

⁴⁸) Π111ἰ111 11111111 n 11 IX 011. 6, 1111 11111,1111111111111 1111-
1111 1111111111 1 11111111111 11111111111. Β1111111111111111111 uoary, 1ο
11111 nent-murm 11111111.

 

