15555518555555.

855555 ,5555555555 5555 5555555555 555555
5155555555.
8555 5 555555, 55 555555 5555555555 55555 uo·
55555 555
855 5555555, 55 5555555 5555555 ymo 5555555
5555555555,
055 55555555 555555 555555 5 555555 55 5555-
on.
70. Mamili 5 5555555555, 555 555555 5555555 55-
· 55555.
1155555555 5555555. ΤΗ 5555 55 5555555555 nom,
85555555 xpm 55 5555555551 055555 5555555555
55555555 55555) 55 5555, 55555555 55555, 555
5555555.
,515555 55 5555555555 55555 55 555555 5555555-
· 555 5555555
75. Π 555555 55 55555 555 55 5555555555 55 555558*
»85555 555 55 55555 55555 55555, 555555 5555555.
855555 55 555555 55555555 5555555 8555555555,
8555 55555555 5555 5555555 55555 5555555555
Η 555 55555555 55555 55 5555 5555555 55555-
55558
80. 55555555, 5555 55555, 555 555555 5555555555,
55555 55555
1555555555 5 5555 5555555 5555555555 555
555555
055, 55555555 5555555555 55 5555555, 55555555,
5555 5555555
055, 5555555555 555555 55555 55555555 5555555.
55555 55 5555555555 5555 5555555555 5555
555555
85. 8555555, 55555 5555555555 55555 55 5555555555
onom ,
8555 555 55555 8555555555 55555 55 55555
55 55 “)

⁸⁰) Beuaqspw, 55 85555555 55555555 cuman 5 5555555.

 

