11111110111113.

01111111 1111, 111111111111111111 1111111111-
“ 111111Ηο
Η1 1111111111 11111 111111111111111111111111
1111 11 1111111 0111111 11111111,1111111 11111-
. ¹ 11111,
70. 1111 1111111, 011111, 111 111111 111 111 111-
111111
· 111 9111111111 11111111 1 11 111111111111111-
11111111171)
1111111111 11111111 111111 11111111111111 1111111·
1111111.
11111111111111, 111111 1111111111, 11111 1111 11-
111111
11 1111111111 11111 11111. 011111, 111111 111 ⁷⁴)
75. Β111 1111111111 11111Β1111111111111111111111.
11111111
111111, 1111111111 11 1111, 11111111, 111111·
1111111111111111, ’

11111111, 1111, 111111, 1111111111 1111111111 111 11-
11111111

w 311111 1111111111 1111111 111111111111111111·
11111 ⁷⁸)

nvn——

⁶⁷) 31111 1111111 1111111111 11111 11 1111111111 1111111111-11 Ione·
111111101111111 11111111 11111111, 11111111, 1111111111 1111111111111
11111111,11111 11111111 111111 1111111111111111111 1111111111 1111111111 11111
11111111111111 11111111 1111111111 1111111111)11111111111111111111, 111·
61111111) 1 1111111111, (1111111 11111111 1111111111 1111111111 11 ῷ111ο11111,
11111111, 1111111111 1111 11111111). 01111 tp ε χ ε 111 ιπ ν οσ (111 τριχω ium)
,111111111611111111“ 111111111111111111 11 111111) 11111111111111 111-
11111111, 1116111111111111111111.061111 1611111111 11111111 11, 111-
61111 11111111. Η1 1111111111 11 1111111 a 111111 1111 11111111111 1111111
111111111161111111. Mu 11111111111 111111111111111,11111111111 1 1011·
111111. “

⁷⁰) 0111111111 Π1111111111. 1111111-11 1011111111. 1111611111
1 Τ11111 11 111111 1111111 1 011111 &reflexio 1111111.

⁷¹) 011 vimen 111, 1111, 1111111111(1111111)31111111-116111111131111·
1111, 1111111161111111 6111111111, 11111111 11111111 11111111116111111111111-
1111111111.

⁷¹) 11111 111 11111111, 61111 111 Τ11111, 1ο 1111111 1111111 1 10111111
1111111111 1111111111111.

⁷⁸) liam, 1111111.

 

