111111.11111111.1 283.’

14111111 111111 111. 1111111111αὲ11111111.011’- ,
11

1411 11 11114111 11 1111111411 1111111111111111
. ι , f
5111111 1115111111 01511111 Τοῇᾞὲζοὼωπ

1111111111151, 5111111111 1111111111 11111141·
1111111
35. Ῥ11111 1111 1111111. 11111111 mmm 1106411
1311111111 11111 1111, 111 1111111 111111 comm
Η111111111 511111, 11111111, 11111111111511111
’ 4111111111111111111 11111 11111111111. Η111-
11111111 ·
Β1 11111111 1111115 11111 111111 11111111 1111·
1111111111 1111111
40. Π11111111111111111, 11151 15 11111111, 111 1111- .
1111111111
Η1 1111111111111111111 11111111 1111,
Bm 11111111 11111111111111111111111111111
1111111 111111
Boe 1111111111 1111111 111111 11111111111111
5111111111 11111 1111111 11111111. 51111111 Ern-
- 11015 “
45.1[111;1111111111111111,1111 111 1 11111 11
11111111,
5111111111 11111111 11111111 11 1111111111111
. flou-y 45) 1
411 1115111, 111115111111111111511111111111,
11111111 1

fl 111 111111111111111111111. 5. 1111 1111
11111111

5111111 11 mommolus 1111111111, 1111111111 -

· 1111111111 -

ι

⁰⁰) Syrm 1, 111111111111111111111111, memo 11111111.

⁴⁸) 1511111 11 1111111111111111111145511161111 Δ1111111111, 11
1111111111 11111 spemn, 11111111111111111111 11 1111111111 1111111111,-
11111111 11111111, 1111111111111 1 11111111111111.

 

