11111111. 011111 11. 187

111 11111111 11111 11111111, 11 111111 11111111

11111111111111 111111 y 111111111111111111 ’

5111111, 1111111111 1111111-11111111 1111111111
‚ 1111. .
1451111111 1111111111 1111, 111111 1111111 1111111111 ,
« .. 111111
1111111 1111111111, 1111111 11111, 11 11 11111
1111111
He 1111111111 111 11111111 (noy 11111111
Bam 111 1111111116111),1111111111111,11]11·
1111 1111111.
,1111111111111111111111111 1111111111 ·
· 1111111
151111 11111 11111111 1111 1111111111 1111111111
1111.
1111111111 11111 1111111, 111111111111111111.
Β11 1111111111 11 111111, 11111 1111 11111111,
11111 1111 111 11111 1111111111 11 1111111111
1111111111,
11111111 1111111111 111111111111111) 11111
1111111111, 1
155. 11111 111 11111 11111 111111, 1111111111111-
· · 1111111 1111111.
ΙΙ1111111111111 11111, 111111 1111111111 111
· 111111),
He 111111 y 1111 1111111111111111111111111
1111111111 1111 11111111 1111111111 1111111111
111111.
011 1111111111 1111 1111, 111 111111 1111111
, 1111111111, ¹
1111 (11 11111 111 111111111111, 111111111111-
. 11111111111111
1111 1111111111 y 1111 11111 111 1111111111.
Η1 1111111111 11 111, 111 11111111 11111 1111-
1111111

1111111111111, 111 111111, (Ennea), 1111111111 11 111111111-
11111111111 11111111111111 11111111 11111111111111.

 

