111111 Ι. (1111114. 67

11111111, 111 611111 1111111111 1111 11111 111·
11111111,
(11111, 11111111111 1 6111111 11111111111-
’ 111111 111111 ¹¹²)
111111111111 111111111111 1111111111111 111-
1111111111
11111, 111 11611111 1111111 11 111111111111
1111111111 111111,
115. 1111111 11 11111 1111111111 11111 1 11 1111 11
111111
11111111 11111111 11111111, 11161111111111161
1111111,
· 011111 611111111111111 1111111111 11111111-
11111
11 11111111 111111 111 1111111111 1111111.
1111111 111 11111 11 111111111161111 11111
120. 011 11111111 1611111111 11111, 1111111111111
Ρ1161. 1111 11 111 61111111111111 11111111 1
111111),
1111111111 1 1111111111 11 1111 1111111111 11
111111.
111 11111111Β11111111, 1111111111111111 11-
’ 111111 “ ·
Ι-111111111, 1111111, 11111111111111111-1111111111
125. 3111111111 111 1161“,-1111111111111,,,611111111

1111111111

-ιι-ιι-ι-ψ-

111) 1111111111 11111, 1111611 1111111111,1111111111111 11111111 11111111
1111111111 11 1111111 1111111111 111111, 11 1111111111111111111111111111 “
11 11111 11111 11111111 111111111111111111111611.

¹¹³) 116111 111 Β este 11111 1111111 111 1111111 61111 1111111 11 1111-
1111111111 1 1111111111 1 11111111, 11 1111 Η11111 1111111111 1111111111
1111116111 111111111111 1111111111, 1111111111111161111111 1111111111
8111111111 1111111111 1111111111111, 111 11111111 11111
1111111111111,111611111111111111, 1111111111 11 1111111 111111 111611-
1111 11111111111161 111111 11 1111111 1111111111 1111111 11111111 111 111
1111111111111111, 11 11111111111111 11 111111 1111111111 11111111 11
111111 11111111111111 11111111111111111,

ι91)31111111111111161111111111111 1111111111. λ1111111111 111611-
1111111111611111 1111111111 111111 111111-1111111.

ὃ*

 

