’00000 11. 000000 0. 00 Α

00000 0000002) 1 000000 0000 00000000 00 0000
0000 000000 ”⁷) Ι
000000000000000000000000050000000000000,
000 0000000 0000000 00 00000 00 000 0000000000.
270. 30000000 000 00000000000000000000000000000,
0000 0000000οο 0000000 00000000 000 0000000οο
1111 00 0000000000 000, 000, 00000ᾞο 00000· ’
· 0000, 0000000.
000000 00000 0 000 0 00000 000 00 000000
000 00000 000000 000 000 00000000 0000000,
075. 0000 0000000000 000 00000 0 00 00 00000 0000-
0, 00000, 00000000 00500 00 ffi 000000 ’⁷⁸)
00 00000000 00010 0000000 00 00 000000, 00-
000000 010000 00000000 00οἕοζιὲοῐ 0000 000·
Ηο 00 0000000000 111111511111111131211113111111. 00000,
080. 000 00 0000, 0000000000, 0000 000000 00000
» . 000000 0000000
0 00 000οι 000 0000 00000οῙ ,ΜΗ 00000 00
000000.
100000000ωο00, 00000 00000000 000 000000,
0000000000 00 0000. 00000 0οΗ 0080οῗ0ᾘο 0000
00000000. 0 00000000 “Ηο0000000 0000 000000·
205. Γο000 0 000000 000 11010111111011111511151‘‹110111111110-xx
· . 0000000000,

—---——

⁸⁶⁷) Ηο00 0000 600000000000 0003000000, οο 0 000000 0000000 000 Aa 000 000-
000000οο50000000000060 00010000000050 00000 0000 1111111 000000
Ι0,)00000 00 000,000000 0000000000 00000 000000000000.
000110000000000000000000000000000.00000000000000000ιο0000000000000
1111111111111101101111111106p111e11111111111e11111111111104111110 000005 00000 0000-
00000000. ,

7

 

