76 111111110111115.

1111111111111111 1111,11111111111111111111111
11111 11111 11111111, 1111 111111111111 1111111,
105. 1111 111111 1111111111),11111111111111111 ’
11111111
1111111111 1111111111 11 111111111111111
0111111.
1111 1111111111 11111111, 1111 1111111111 111·
1111111 1111
111 1111111111 11111, 11111 1111111111 11111111
11111111 111
To, 111 011111, 1111111111Π11111111111111 111
’ 11111110)
110. 1111111111, 111 111111 11111111 11111111 1
1111111
ῐ11111 1111111111 11111111, 111 11111111111111·
11 111 11111111,
111111 111111111111111111111111 111111 11111
ffl 111),
1111111111 1111111, 111111111111111111111111

1.
Π11111 1111111 1111 11111 111111ἶῖ 11 1111) 1111

11111
115. 01111111 1111111 11111 Μ1111111111111111111 111-
11111
1111111 1111111 11111111 111111111111111 11
11 111111
1111111 111111 11111111111111,1111111111111·
11111111
11111111 ,1111111 11111,“11111111111111111’11,
, ..1111111110

111)0 11111111111111111111111 Τ11111Χ1. 48;Χ111,34.

111) Ρ111111111 11111111 11111111111111 111111111-11 1111111 1111111111
1111111 111111 111111111-111 1111111111 111111 6111 11111 1111111 111111.

111) 1111111111, 11111 1111111111111 1111 011111, 11111111. 11 11111111-
111111111111111 11111, 1111111111 11111111 1111111111 1111, 1110111111
1611111111 1111111111111111111..

¹¹⁸) Ρ11111111111111111 Δ1111 11111 C 11111, 61111(11 Τ11111ΧΙΙ. 71111111·
1111111111111111111111111111111.1111116111 111 10111111. 111 11111111
6111111111 1111111111 (latifundium). 0111111 111111-1111111111 111111.

 

