28 1111111 1111111111. .

135. 11111111 111 11111111111111111 111111 11111·
1111
1111 11111111, 11111111111111111111 11111 11111·

11111111
Ηο 1111 1111111111, 1111111111 1 1111111111 1111111
1111111111
31 11111111 11111111 111111 1111111111 11111111..
Η111 11111111111111111111. Ηο 1111111111 1111 111 .
1111111111
140. Γ1111111 11111111 111111.1 11 111111 1111111.
1 “ 1111 1111111
1111111 11111, 11111111, 111 111 111111111-
111111 ¹
Ηο 1111111111 11111, 11111111 1111111111 111111.
1111111111 11111111 111111111 11111 1111111111.
1111 1111111111 11111111111 1111111111 111111111
λ 145. 1111111111111. 111111 1111111 11111 111 11111-
1111111
111 11111111 111 111 11111111111111 111111-
. 1111111111.““)
1111111 111111 11111111, 1111111111 1111111111 11
. 1111111
1111111111 1111111 1 1111111111 1111 1111111,-11
111111111,
Β111111111111111111111111111111111111111111.
110. Β11 111111111111111 111111 111111 111 1111111111
,1111111
1111111111 1111 111111111111111 0111111111111
11111111,
. Β1 1111111 1 1111 111 1111 1111111111111111
1111111,
111111111. 1111111 11 11111111111 1111111111).1

¹⁸⁶) ,1111111 111111111111111 111111111111 1111111111.

111) 1111111111 1111 11111 111 1111111111 111111161116111111. 1111111111111111
11111111111111111111116111111111 1111111111 11111111 11111111 111 11111111.

111) 0111 1111111111111111 1116111. ,1111111111 1111111111 11111111 61111
ue 1111111111 11111111 11 1111111111 Μ11111 1111111111 Ηο 1111116111 1111111111

 

