11111111 1. 11111112. ⁸ 37

1111111111 1111111111111111111111 01111111 11111111
120. 31111111 1111111111, 1111111111111111111111111 111-
11111.
0 1111111111, 1111111111 111111 11111 1111111111 11111111
11111111, 11111111, 111 111111 11111 11111111111111111,
11111111 11111111 111111 1111111111, 1111111111 11111111
1111111111 1 1111111111 111111111111111 11 1111111 1111111-
11111
121. 1111, 111, 11111111 11111111 1111111 1111111 1111111111,
Hom 1111111111 1111111111 11111111. 0 1111111111
Ρ11111
11111111,ο111111111 1111111111 11111111 11111111 1111111,
fl 1111111 1111111111, Γ1111111111, 11111111 11111111 11111·
ma ΝΥ.) ·
1111111111, 11111111 1111111 11111 1111111111 1111111111
· 1111111111
1311111111 111 1111111111 111 1111 1111111111, 111111 1111-
‘ ' 1111 1111111111 111 1111111111.
Η11 111 1111111111111111111 11111111 111, 1111111111. 1111- ‘
11111111
11111111 1111111, 11111. 11111 1111111111-«11111111
111111 11111111
111 1111111111 1111111111 111111 1111111111 111 1111111111
1 1111111111,
ι111 11 1111111-,111111111111111 31111111 111111
11111 1111111111

131. fl 111 1111111111 111111“. 1111 1111111 111 1111111
Δ11,1111111
¹ 11111111 11111111 111 111111, 1111111111 1111111111
111 1111111111111”“).
1111111 11111 111111111111111111 1111 1111111111
11111111,

...α-...-

¹⁵⁸) 1111111111 111111 1111 1111111111111 11111111.

¹¹⁸) 0111111111 11111111 11111 11111611, muenia, 1111111111 -111111111111111 111
11111111111111111111111111, (1111111111) 1111111111 1111111111111111 1111111-
11111111111111111111111, 1111111111 111111111111111 111111 1111111111111111 111111. lex
luliaml'apiapoppaea.

 

