178 3555513.05555515

350. Ilm 55555 55505555, 5555 055 0555 5555. ΜΗ,
1 505555555055
15555 5 5505555555, 055555550555551055 pyxo-
. 5055555,
1555555 5555550555 5 55555 055 55555, 0 55550550
Hm, 55555, 550 55 55 5555, 55555 50 555055 oy·
npyra.
Ηο 55055 50555555 0 5555, 50055505 55 5500555
, 555555

355. ss 55055 50500550550 555050, 5055555 5500555 55,

Ῑ15055 5505055555 5555 - 0055505555 55 55 5555
5505050555.

50555550 5550 50005, 50505050 050555 50 5555555,

Ῑ150 05555555 55 55055 555055 5555055 55555515

555555 5555555, 550 505055 55500555 55555 5055
55555,

350. 55555 55 5055055055, 5 0555555050 50 0550555
Π Γ55555500 55555 5 5055555 555555 055 05555
1105055, 5555055 5 555555 0555555555.
3555555, 550 0055 55 0055 5055555 5555, 555555

50505505
3555 00555555 55055 55055 0550 505055 50555055
5505505555.
335. 15555 5555 55555 50 505055, 5055 5055 55 5555
’ ’ 55550055555055,
3555, (5055550, 5055 5055505 50 5050 5055005555.

ΒΛῘἈΡΛ Ὠ.

35555 555555 0555550 5505555, 0555555 5505-
5555555 ¹);

catuna xt

055505 555 50 5055555555 5 505555 60555555555555555 55 05555505ψο5· ’
55 1550505 055555. 350 5555555555 50555 55 555055050555555505055 555-
55, 55 550555050505550555 05 55505555555 5 50505555 555555Ρ5555555 50-
55555. Τ5500 5050055555550 55505555 10555555 55 0605555555, 5005555555 ,
55555 050 5505555555.

1) 555555 5505555555 55505, 5555 55555555555555 505555, 50500055 50-
ommno muno-um Mlssst'l'b yvssssqssllssffl' flsslffl ΙΙΊι ΙΙΡΟΤΜΙΙΟΠΟᾸΩΜΟΕῊ..

 

