1111111. 0111115.

11111111111 11111111, 11111111111111111 111-
11111
5. 111111 111 1111111111 1111111111-11 11 11111
111111 111111.
11111111 1111111 1111111111 1111111 1111111111
Re ⁶),
1111 1111 111111 1111, 11111 111 111111111
11111,
1111111111 11111111 11111111, 111111 11111, 11
, 11111111
011111111111111 1111 1111 1111111111 11111111
1111111111 ·
’ 10. 11111 1111 1111111 1111111, 11111111111111111
, 1111111
1111111 11111111 1 1111111111 111111 1111111111
11111111 ’
Π1111111111111111111111,111 111 1111111111111111
111111
· 111111 1111111111 1111111 11 1111 11111111 1111111 ¹³).
Π11111 11111111 111111111-11111. 1111111111-
11111
15. 1111, 1111 1 11111 111111111111111111111111.
Β11111111
11111 111111111111111111111111111 11111 ’111
11111111,
111111 1111111111111111 1111111 111111111111·
- ΠΜ 11), Ι
11 1,11111111 111 1111111 111 1111111. 111111
’ 11111111 111111

----

5) Ε111 11 11111 11111 1111 111111, 11 1111111 1111111111 1111 1111111111-
1 1161 11 11111111.

⁶) 1111111111 111111111111111111111 1111111111 11111111.

1) Η1 11111111 1111111, 11111111 111 1111611111111111111111111111111.

¹³) 91111 111111 1111111111, 111 1111111111111 1111111, a 1611111111111
11111111 111 1111111111 1 11111111.

17) Τ111111111111111 111111111111(1111111. 11111 1111111111 11111111. Popu-
111111. 11111. 8. 20) 11111 1111111111 11111111. 1111111111 61111 111111111-
111. 11111111 ’111611 111111111111 11111 1111111 pau 1111111111.

 

