· 1111111101111112. 197

11111111111111111111111111111 11 1111 110· ·

111111
Π111111111, 1 1111 111111 1111111111 1111111,

1111111111 111 11, 1 1111111111111111111111, „
120. 111111111111111111111111111111111111111111
111111.
fl 111111 1111111111 1111111 fle 111111) 11 11111-
11111111
11111111 1111111111 1111 1111111111 6111111111·
1111111,Ι
11 1 11111111 1111111, 11111111111111,11111
111111Μ)
911111111111111111 111 Π1111111 11111
125. Β111111111111111;11111111111111111111111111,
11111111111111111111111. 111111 111 1111111
mm 111)
11111 1111 11111111 1111111111111111Μ111111.
‘ 111111 11111111 111111 111111111Η111111,11111
, ’ ’ 111
1111111 111111 1111 flemus, 1111111111ἰῆ 111111
wopa, ,
130. Ηο 11111111 1116111, 111111 1116111111 11
· 611111.

111)111111111, 11 111111111111111111 16111111, 111111 11111111 111 ua
611111116111111111111111111 111111116111 1 1111111111, 1111111111
1111111 111111,1111111111111111 111111111111 1111111) 11111111,1111
ue 11111111111111111, 111 111111 1111111111 11 1111111111 1111111111.

1111) Humi! upan: 61111111 11111111111 1111111111111111111111 11611·
1111111111111 111 1111111111 11111111).

111) 11111111 1111111 1111111111, 1. e. 111111 1111 Π111111.

 

