210 09009009990013.

099910 090 9099999, y 90900099 00 9099999, 090 ³

000900 .

- 099 9909099999 upum 009 0990999 9009090 - Ὗ

· - 0099099. ῗ

1100009 990000 9900 acm, a 090 000099000οκ9 99909. ¹

He 0099Ι 00009099 , Χο909909 999 90900009 09- ¹
9009 ¹⁸⁴)

185. 10009999, 909 0990999 00909 09999990 909099 00-
90999.

0099, 090 0 99 9999999 099999 0099909009 990·

90 00 90 9999

’ . 000 999099, 090 9999. llo 0090000 9009999999

00000099

019000 00009009 ca 0009 u 009 9000000099 coep N

00909
flama 900009 000. Bm 9999000 900990, 0099·
0090
190. Hm 9 0999000090 0099999009 9090090 090999.
00990 0 9009 99900000 999 9090, 990 09990 00
90909009
0909 9999 90009909 9090090999. Ηο 9999 90 9090999
= 0999999 m
909099990999090 0999, 90900099 09 99000009
90090999
0999990909 099 900999, 9009999 9000990,
190. 000 ayma 9999 999909 0909 0909 9900900999
, 99000999.)
Rapa 099990 90 0099 9 9009090 9099990 000099
, 0999, 000 9999999 9909999999· 999 11099990 00-
mmm),-
00990 0 009990 000099 090090 90 0990999099 99
000009 ’

1⁸¹) flu 9009999099, 99990 09099099, 09 09999 999 7 90099999999 909-
9909099 099009, 99 0990099 69999 9099 ruma, 9. e, 99 Annuus-Cox-
pm, 90 09069999 mm 0909.

¹⁹⁷) 0000009990990 Hanania 09 900099000099 cyaneo ’099999909999999009

0999099099 9 99 ero 0909090099 09999099990099.

 

