1111111. (1111113. 47

( 81111 u 1111111111 11111111 11111111, 1111111·
eiu 1111111
115. ru 1111111111111 1111111111 111111111111
Ι undu:
011111-111111111 111111 16111, 1111111 111111
0111111111, 1111 11111111 mom 6111111111
, 1111111111,
111111111Ρ11111111111111111111111111111111111.
1111111111 11111111 1111 1111111111, 111 111·
111111
1111111111, 11 11111 11 1111 1111111. 1111 11
1111111111,
[111 1111111111111111111111111111111111111
11111111,
Β11 11111 11111 1111111111111116111111111-
, 111 111
11111111 11111111111111111, 11111111 1111111
ssya-
111111 111111111111, 1111111 11111111111
125. 0111611 11111 111111 1111111111 11116111111
1111111.
,11111 11 1111111 1111111111, 11 1111 111 1111
11111, 111 1111 11 ¹¹⁸)

noa—*ffl-

111111 1111111111 1111111111 1111 11611 1111, 111111111111611111111111
11111111111111111111 111 11111 1111111111111111111111, 1 11111.
111111111111111 111111 1111111 1111111111111 111.

¹¹⁸) Εφηβοσ, 111111 111 16 11 2011111, 111111 11111 11111111) 11111111
111111 611111 11111111, 111111111111111111111111111111111 111111111111
Τ11111ΧΥΙ, 21-33. 1111 1611111111 ’111111 Iluam 1 111111 (111111, 11111
,11111 16111111 61111111 11161111111111 111111, 01111111, 1111111111111
11111111111 011111, 111111111111 161111 111111, Emanium.

111101111111111111111, 111 11111111 1111111, 1111111 111111111 11
1611111111111 Tam, 111111111111111 1111 111 111 (Ταρσος)-1 11 1 1111 1-
11 1 11111 1, 16111111 111 11111111 1111111111 111111111111 1111111111111
111111. ,
¹⁸0) 1111111111 11 Π11111111, 11 1111111111 11111111 11 11111111.. 0
11111 111111 1111111.

111111 11111111111111111 11111111, 111111 1111 1111111111 11611111·
1111 1111111611 1111111, 11111 111111111,1111 11111 11111111111111111
1111111111 1111111 61111111111 1111111111111111111111111, 111 111111

 

