20‘6 11111111111111113.

911 111111111111111 11 11111111, 1111111 ro·
1111
115. 1111111111111111111, 111111111111111 111 111
1111111111.1
Ρ1111111 11 111111 1111111111 11111111 111111,
111111111111111111 1111111, 111 111111111111
1111111111
01111111111111111111 1111111, 11 11111 1111111111
111111
11111111111111 11111111 1111111111 1111111111
120. 0111111, 11111 11111111 1111111111 11 111111 11
111
1111,1111111111111 1111111, 11 11111111 ne
1111111111,
11111, 111 111 1111111111111111111111111111,-
Π me m)
Η1 9111111111 1111111111, 1111111111 1111111111
1111111”’1.

11111 11111111 111111 11 1111111111 11111111 npu-
11111111,

121. 111 111 1111 1111111 (1111111 1111111 11111 1111.

1111111111 111111 11 1111111111 11111 11111111

Mum 111)
m 1111111, 1111111, 11 11111111 1111 11111111
Β1 11111 11111111111111 11 1111 1111 1111·
111 11111111.
111111111111 111111 11111111 1 111111 1111·
1111111 Ι

nun—*nnun—

111) 3111111111111111111 1 11111 1111111 11111111, 0 111111 111. 11111
ronopm:

„Tamo 11111111 Β 11111 ia 11111111 11 11111111 1111111111.
01111111 111 1111111111 11111 1111111111 1111 1111111 11111 61111..

1111111111111111111111111111(1111111111 nepum 1111111111) 11 111111
1111111.

1111 0111 31111111 11 11111111 111 111111.

111) 11111111 1111111111 1111111111 11111111. Bonum 11111 111 11111111, 111·
fin 61111111 11611 111111.

111) Em 1111111111 1111111111 11111111,-1111111.

 

