26 mm 10111111.

1111111 11 1111) ,1111 11111111, 111111111111111·
ὑγΗΥὶαι 11)
111 111111111111111111,1Ι 1111111, 1111111111-
11111111
Ι111 111 1111111,1111111 1111111111 11111, 11111
1131111111 1111111, 11 1111 1111111 11 111
= ’ 1111111111)
105. 1111111111 111111, 11111 11111111111111111111111
1111 111111111 11111111 1111 1111111 11111111·
111111
1111111111, ’1111 11111111 11111111 11111 11-
1111111
111111111111111111111111,1111111111111111111
Π111111 111 111111111.“--111111111 1111111111
111 11111111. “’1
1111. ,1111111111111111111111111111111111111111111
1111, 111 11 1111111111 111111 111111111111111
111111, ¹¹¹)
1111. 111 1111111111111111111111111111111 11-
11111111,
11111 111111 1111 111, 11111111 1111111111111
111 111111 1111 1111111 11 1111111111 1111111,
111. 111111111111 111111, 1 Β1111111, 11111111 111
11111111
1111 01111111, 1111111 1111111111 1111111111
1111111111. ¹¹⁸)

¹⁰¹) 1111111111111111111111 1111111111.

111)Ρ11611111111111111111111, 111111 11111 111111 11 1111111 11 111111
(1111111 16111111111 1111111111). 01111111 11 1111111111, 11111111111
1111111111111111111111 1 11111111111, 11111 11111 1111111111 11111111
11111111111,-1111111111 111111111111 1111111 11 ,11111111111111 (11
1111111) 11111111111111.

¹⁰¹) Π1“1 1111, 111111111111 1111111. 11111111, 1111111111 11111 1111111111
11 201111111111 116. 111. 11111111, 11611111111,111111111111 111 Pania.
01111111 111111111111111111111, 111 11111111 1111111111 1111111111. 31111
1111111111. 11111111111 1111111111 11 1111611111 1111 111111.

¹¹¹) Ρ11111, 1111111111111 1111111111, 111 111111111, 6111111 111111 1111.

¹¹¹) 3111111116111111111111, 111 11111111 comacinam 11 1111111 11111,
1111111111 11111111 11111 11111111 11611111 111111111111111 111 11111111.

 

 

