11111111. 61111111. 185

105. 1111111111111111111111111 1111 1111111111·
11111111
fl 1111111111 111111 11 1111111 11111111 11
11111111111
1111111111111 1111-111111111111111 111111. , ’
1111 111111 1111 11 1111111 111 1111111 111

· A 11111111 111 1111111 11 111Ἥῗ111111111 “

110. Boo 11 11111 111111111111, 1111 11111 111 111-
1111111 61111 11111111 11111111οῗ111111111
111111, 111 1111111111 11111 11111 111111, 11111

, 1111111111 011111 11 1111 11111111111111Γ1
1111111111111 11111 1111111112Ἥ111111111111

11111111 1111111111 111111 offla 111111111
1111111111, 1111111 1111 11 offlam! 1011·
01111 111 1111111111 11111, 1Τὲ11ΐ1111111111111
1111111 11 11 11111111111111111ὤ161ἕ11111111111,
1111111 1111111 11111 1111111 11111 911111 111·

, .

120. 111111 11 11111111 1111 mmmm 11 11·
Β1 11111111 111 111111 111ρὲ311, 11111111
1111111111 1 11111, 1111 npumnffigna 11 1111-

1
1111111 111111111111 1 1111131111 Τ1511111111, 1111·
11111 ),

-αι-ιιι-ῳ.

¹2¹) Macaeepcxoe 11111111 1111111 11111111 1116111111111111111111111·
11111111611111111 napum 111 11111111 11111.

 

