111101116011118. .· ’ 113

2211. 1111101111 010011 11 011011 10 0111, 10 1110011
1101111. 1110111 611 110111 1111111111ῗ 0111110111 Bep-
21
1011011610111101111110110111ΠΓᾙ61311 1111111
11111 1101111111,
ι110 11010111 0010111111 1001011111001 1111011011
11011 1111111 1011 10111 611101011110 111011.
225. 111 1111111111 11110111 01111111101111110111
01011 61111 1111111
11 111011 1111110111 1111111111 1110101111 11·
11111 11011011 010 11 11111111ψέἒέ1111 00 10-
11 1011101111 1101111011 1111111) 1101011111 110111”“.1
1111 1111110111 10101111 1111101111111111 111111,
2311. 111111111111111 111 1010101 0011101 1111111111.
1110 110 1160, 1111111011, 11111ἂῶ61 101011

11111 11010111 11011 11111 1001110110 101100

11111010111010 111 1 01011111 10110111 111
’ 11111011.

1110110 6101111011 1111 111 101011100101011311)

111) 11101111 Ηο10111 10001111 11 111111 1111110101, 11 11011111 Γ 11 1-
611 11 1011111111 1101111111 11111. 0111110111 0111111011 011 111011 1
111011 1111110111, 11971. 10 P. X. 0111011 10111 01011011 0101011 16111·
0111 11110111 10111111, 1 01 1111011 1100111011 1110111110 111 1111111101
011110111101101161110 110111000111 1111011111 3011111111

1181 Β1ὀ41011ι1110111011101106011111 (101111 011111 01111 010010 R.
,1011111111 Ηο10111. Η1100 1111111011 10101111. 1101011 110111111 11101011
111111011111Τ10011, Α11110111 0 1101111111 111 0101111 111 010111-
11 (11111111 1110101011). 011111 11111100111 1111111.

¹³⁰) 1111110111111010001100111101111 Ηο1ο1011101110111 0061.

111131101101011110011111 1111110110 10101011 0101011 6111111-
1011, 1111010 601110 1101111110 0111111011,160 111110 10 11111111 0611110
101110101111 0 101 [1111010111 b 11001 01 11111111 (61011) 01011011101106111-
1101101 1 1111111011,110100111011111011,1111011.31111 10111011111111110-
11111110, 1101111110 1111 1011 11101011 1101111101110 01011011 (1010 1 o 11
1111. V, 34).

 

