1111111110111118. ’ 139

“ 11111111 11111 111111 1111111111 1111111111 111111 ’1
1111111111 11 11 1111111111 1111111111 9111111111
1111 11111111, 111 1111111111 111111 1111111111 1111111

5. 1111 6111 11111 11111116111111111 6111111111
16111 1111,

· ‘Imo 11 1111161111 1111111 11 pomonam 11111111
1111111111 ’1
Ha 11111111,’1111111 1111111111 111111 11111
1111111111 11111111111111111111111111 111111·
111111 11111111,
11111 111 11111 1111111 11111 1111111111 1111111
mo 1111 11111
111· 1111111111 11111.,1111 111111111 1111111111 111 ,

11111111

*u-

111111111 111 111111111111 ’1111111111 11 1111 111111, 1111111111 11
1111111111111.

¹) 11111111, 11 11111111 1611111111 1111111111111111,,1111111 111-
1ο 1611111111 1111111111, 11111111111111111 111111 1111111111 11111 , 1111
111111111111111111, 111611111111111, 11111111 1111111111 1 1111-
11111. 82.

²) ,1111111 111111111111111111111111111111111 61111 111111 1111111
11111111 11111111 1 11111111 111111111111 11111111 1111 11111. 1111111 11
1111611111 1111111111 1111111111 111161111111, 111111111111 11111111 (11-
maria), 11111111111111 111111111111111111111111 11111, 11111111 1 111-
1111111 111111. 311 111111 11111111111 :monacum 1111111111111111111
1111 111111111111 1111 61 1111111 161111111111111111111111(1111111111),11111
1111111111Π111111111. 111. XXXV. 2. 61011111 benet. 111. 28. 2.
Ε1111 111111111111111 1111111111 11111111111, 11 111 1116111111111
1111111111.

ὅ) ‘lumen 111 11111111 1111111111111111111111111111,1ο1ο1111111011·

11111111111111111. Ηο 11111111 111111111111 61111 111111111111111 co·
61111111 1111 31111111, 111111, 1111111111 11111611, 1111111111 1111111111
111111111111111111111111111 1111111111. 10111111 11111111 1111 11111
11111111 111 1. e. 11111111 11111111111Γ11161. 3111111111111 111 511-
111111101111111111111111111111111Π11ω11911111 111111111111111)
(31111111 11111111 (1111 1111111111 1111111111111111 111111, 0111111111
111161. Β111116111111111111τ111111111111 1111111111 11111 111111-
11111.
, 61 1111111111111111 111 1111161111111611111111111111 1111111111 11111-8
1111111111, 11 11111111 111111 11111111111111 11111111111111111111111111111
11111111111 111611111111 11111111111111111 1111111111, 111111 11111·
111111. 11111111111, 111111 1111111111 1111111111 11111111 111111111111-
11111, 11111 1111111111 1111111.

*1 111111· ,1 1 1 11111 1, 111111 11111111 1111111111.

 

