68 1111111. 1111111 4.

'fn 111111 1111111111111111111,111111111111
11111111 11 1111111111 1111111111. · 111111 11
1111111111 “”)
1111111 11111111111111 11111.11 011111 11111·
1111, ¹²⁸)
111111 (1111111111 1 111111 11111111 1111111111
. 1111.
130. »11111 11 111 1111111111111111111-11111111111 11
11111111
911 1111111111 11,“ Μ111111 11111111 1111111111
Η1111 1111111111111,1111111111, 11 11111111
1111111111
1111111 1111111111111,1111111111111 Π1111111.
111111 1111111111 11 1111 1111111 1111111111
11111

135. 11111 111 11111111111111 111111 111 111111λ

111111 11111111
111111111111 1111111111 1111 11111111. 011 111·
1111
Π111111) 11111111 11111111 11111 111111 111
' Η11111
, 1111111111111 11111111111111, 1111 111111
· 1111111111
Ρ1111111111. Bm 111 11111111111111 111111
1411111 oro: 1111111111 11111111, 111 11111
· 11111111111
01111. 111 11111 111111111111 1111111 11111·
. 1111
11111111, 1111111111 111111 ynam-*mam
11111111111111111 1111111111 111111 11111.
Β1111111111111,111111 1111111111 1 111111
1111111111

’ 111) Α p 11 1 a 1 1. Η111Β111111111 11111111111,611111111 d 1 tem 1 11 „cm
111111111111 11111111.

111) 01111 1116111111 1611111111 1111111.

111)1111111111111. 111. 1111111111. 11111111111111111111
nan. P 111111 111111111ὶῆ 1111111111 111111 1111111111 (111111).

 

