11111111. 0111111 11. 211

1111. 1111111 y 11111111 11111111 1111111 1111111
1111 111111 11111 1111111111, 111111 111 111 ,
' 1111
Bm 1111111 111111 11111111, 1111111111111111111·
11111111·
110. 111 1111111111 1111111, 1111111111111111111111
- 111111 1111111 11111111 1111111111111111111111.
. - 1111111111111,1111 11111111 11111111 1111111-
’ ,111111 11111,“-111111111,-,111111 11111 11111111
111111
, 111111111111111111111111111111 1111111111 1111111,
155. 11 1111 1111111111 1111111111 1111111111111111
1111111111
11111111 11111111 1111 1111111111 11111 111 11
’ 11111111
fl 1111111111 111111 1 111111 11111111 111111
1111111 11111 1111 1111111111111111111111111,
111111111111111111111111111111111111111111111,
160. 0111111. 11111 111111 1111 11 1111111 11111111 111
11111111.
= 11111111111111111111111111 11111111, 1111111111
111111
1111 11111111 stuppa, ,1111111111 1111111 111111·
Jfflna 111) .
1111111111, ,111111 1111111111111111111111111·
. . Hm pafflffl m)
0111111111 1 111 11111111 11 11111. 1 111111
165. 111111 11111111 11111111 11 1111111111 1111 11111
- 1111111
Η1111111111111 11111111. 11111111 1111111111 11·
“ 11111111.

nna—-

¹⁵⁰) 111111 11111111 eona& 11111111 0161111111 11111111111111.

1111111111111111111. 111. XII 108.

¹⁶⁸) 1111 1111111111 1111 1111111111 1111111111111, 111611 11 1111111-
un j 11 geru m (18, 800 nup. 111111) 1611111111 11111111 1. 111111 161·
unca 1111111111 2400 1111111 1111111111 11 111111,111111111111111111111111·
ιο 11, 1111111111.

 

