1111111. (1111111. , 21

11111111111111111111111111111111111111111111.
11111 1111111111 11111111 111111 1111111. 1111,

11
0111111, 11111111 11111111 1111ῗέ11 111111 111-

-· 11111, ¹⁴)
111111 1111111111 11111 11111111111111111 1111-
1111
111111, 111 11111111 111 11111 11111111 111111 11
11111111,
111111Η1111111111111 111111, 11111 1111 111
· 11111111, ”)
11111111111111 11111 11111111111 1111111
1111111, ¹⁷) Ι
11111111 1111111111111111111111 11111111 11-
1111111
11 11 11 111111 1111111 1111111111 111111
1111111111,
30. 11111111111 111111 11 111111. 1111 11111 11
1111111
111111111 11111111. 11 1111111 1111111111. 11111
1111111111,
11111 111111 1111111111 11111 111111111111111,
11111111 11111 1111111 1111111111 11 1111111

ss fa, 11
ΤΟΤΕ, 11111111111111111 ymawu ἕέ1111111ἰ1111111111

*ι--σ--ιι-

11) 1111111111111, 11 1111111111 11111111,1161111 1111111 1111111111 1111-
1111 11111111, 11 1111111111 1111 111111111111111 11111111111 116111.

95) Tou 1111111111111111,11111111”1 11 11111111111111111111111 VII. 64.
11111111611111 1111111111 1111111 111111 11 11111111. *Ha 1111611111 11-
11111111 11111 1111111111 11 1111111611.

²⁸) 1111111, 1111111111 111111 111 11111111 111111.

⁸⁷) 1111111111, 11111011. lv. 1.,1111111111 11 11111 11111111111, ’
111111111111 11111111 1111111.

11) Γ11111111 11111111 1111111, 111111111111111 11 1111111111 11111111 1111.
111 111111 1111111111 (1111111111)161111111111161111 111 111111 11111111.
1111111111 111 111111.

18) Μ1111111111111111, 111 11111111111111111 11111, 1111111111- 1111111111·
1111 11111 1111111111 M. 11111111 111111, 61111 1111 11111 11 1111111 1111111111
1111 1111111,

 

