6666611. 6666666. 117

966 66 6666666 6666 6 666666, 66666 666 666666.
625. 666 66666666 666666, 6666666666 66 6666 6666-
666666 66666.
6666 6666566666 6666, 66 66666666666666 6666
6666661
6666666666 66666 666 6666666666 66 6666 66
6666666, ⁶¹⁷)
6666 6666666, 6 6666 6666666 6 6666666 66666.
Bam, 6666666, 666666, 6666 66666 666666 66 666666. ·
630. 66666 6666 66666666, 66666 66666666 66 666666
6666666, 6666666 666666 6666666666 6666666
6666666.
116666 nmo 6666666666 666666 omn 6666, 666 ma
6666666666,
qma 666666, 66666666 66666 666666 666666 66666·
6666. ⁸³³)
666 6616666666 66 6666, 66 6666616 66666 66·
66666
665. 51666 666666, 6666 66, 6666666666 66666 6 666666
66666666, 66 66 666666 666666 6666666 66-
66666666 6666666,
Xon, 66666 666 Ρ6666666 6 6666666666 6666.) ⁸³⁷)
0 666666 5666 6 66666666 Η6 1166656 666 666-
666666666 ⁸³⁸)
„fl 666 6666666, 66666, 6 666666 6666 6666666.
640. Χ666 6 66666 66 6666666, 6666666666 mo 6 co·
6666666.

Μ) nummum: 66666666 6666666, o 66666666 66666666 6666661666.
1166666666 6666666 66666666, 666 666 6666666 66666666 666 666666, 666666,
nih 666666 6666666666 6666. 06666666 666666 666666 66 666666 6666666666 66
66666666666 666666666,-666 6666666 6666 66. 66666 6566666 6666666666 66-
66666. ¹

661) Quae peperit: 666 666666. 66666666 66 666666, 6 66666666
66666 66666 666 666666 666666666666 66666, 66 666666 66666666 66666-
666666 66 666 6666666666 66 6666666666.

⁸³⁷) Pyrynam 666666 Ρ66666666 (66666. (266. Ι. 164). Ram, 66 666-
66666 666666666666, 6 66666666 6666666666 66 6666666 066666, 666 66 6666-
6666.

⁶³⁸) 110 666666666ι1166666,6666 Π. 1166666616, 6666666666 [16666666 66 666-
6666 66 66666665, 6ο 666666 nysa 666666 66666666 666666 66666.

 

