1555551055555 1. 29

Ι155 55 51555 55555555 55 Μ5555 55555555555.

5555 551
155. 115555555551555555555 5555 55555555 5555 55

5555555555,

115555 55555 555555 55 55555 55 5555555555
1111115105 ,

115555555555555555555555555555555555.“111)-

55555-55555, 555 5555555 55555 555555 555, 555-

’ · 5555

11555 55 55555555 5555 5 5555 55 55555555 555-

’ 5551-
160. ..11555 55555555555555 55 5555, 555555 5555 5555

5555555555

11555555 55555555555 5555, 555 5555555555 555555
noma 5555555.

1155555555 55555555 55 5555555555 Ρ5555555 55-
55555

155 3555. 55 555555 5555 555 55155555 1155555

1155 555 55555555 5555. 55555511 555555 55 55-

“ 555555 1“);
155. Η5 5555 55 5555555 555555, 5555 5555515 555·

5555511555551,

0555555555 55555511555555. 5555 555555 555 55-
5555555

055 555555555555 5 55 555555 55555 555 5555 555-
5555555. .

---——.. .-

55 55555 1115515 55555555 55555 1155555555 Τ55555555, 55 5 55555555 555 5555-
55555555 555555 Η55555 555 5555 5555555555555 55155555 55 55555 5 5555-
555555555 5555555 5555555.

- ¹⁵⁷) 0555555555 55 5555 555555 555555 5555555555 55 55555, 5555555 55

’ Ι 5555 555555555555555 51-5, 55555 55555 55555555 55555555555555 5555555-

51555 555555555555. 1555555555 55555555555555 55555555 555555555.

¹⁶⁰) Β5 5555555 55555555555555 555555 55 5555555555 55555555555, 5555
55 5555 55555555.

¹⁸⁸) Tu 5555555 555555555 5555555555 555 3555 55 5555555 Ρ5555555 Typ-
5555, 5555555515 55555555 555 555555 Γ55555555, 5555555555 55 555555, 55
5555555555 Α5555555555·Π5555555555 5 5555555555 155555, 55556555 55555.
1555, 5555555555 55 5555555555 55 5555, 5555555 5155555 555555, 5 5555 Γ5555-
5555 55Π5555555555 (55 1155555555) 555 55555555555,555555511555-555555.

 

