11111111. 9111111191 - 169

.· ,1111 1111 1011110 111011, 11111011111111111,
· ·· lomopw· ’

91010 01 10111111 11101111 11010 61111111 111
mmuh 111.)

190. 110 111111 1010011111111 1011 1 111111 100101-
. mm . -.
1101111· 01110011 101111 910111111111011111111·
’ 111 ’
9111, 10010111 01 00601) 1111111, 1111101110
· , fflYIJY
1111010 1011, 1111101111 111011 11 1011111111,
· · 11111
1111 11111601111111 10 1061111 010111 pao·
⁸ 110010111,”*.)
191. 91010111, 01061111 0001111101 1111 0111111111.
111010 01011 1101010011 1111111111 1011 11111
, 11101111, Ι
- 1 1011 1111 10 101101, 1011110110111110111·
1110.
“ 9010101111011 1110, 11010011110111 10111101
10111101101011 11001 1111111111 11011111,
200. 11161 6111110 10111601011111111 1111111101·
· 1011. “
110 1010 011 0061, 0111111 1 11111111 1001100111,
Ι110 101110111001110111 1110001 10 01111 11-
101111. ²⁰²)
910 1011111111 1111 111110 1111111 111110
Η160, 1 1111011 1161111110 1011611110101161
291. 111 1 11111111,1011110100101110011111110111
111011 1111110 1011 1111111111010110111011·
. 1111011.

¹⁸) 3101101111 panno 1111 1160111011.

¹⁹¹) Τ1601ι1 111 111111 011 1110011011 11 1111111.

¹⁸¹) 111ρο101111 scalpit 0101011 01061111, tan 601110 6111100 10 01110-
11 11 01111111 10111 caune 10 100111.

¹⁰¹) 90111111101110111110001, 0110110 1011110 1111110 0110006011 1101110·
0111101111, 1110111111 6011111111 0110110111, 1111111111 1111110110. ’

 

